2.662622869014739990e+00
2.842607356607913971e+00
2.697783350944519043e+00
1.698376446962356567e+00
2.324692502617835999e+00
2.623152904212474823e+00
1.730413764715194702e+00
1.219438090920448303e+00
8.275980055332183838e-01
6.994928456842899323e-01
4.275733679533004761e-01
5.333832763135433197e-01
5.923578366637229919e-01
9.089457970112562180e-01
2.948178835213184357e-01
2.615194395184516907e-01
2.237547598779201508e-01
2.025423049926757812e-01
1.855399440973997116e-01
1.753940861672163010e-01
1.692296788096427917e-01
1.618937924504280090e-01
1.511033549904823303e-01
1.568800155073404312e-01
1.447001267224550247e-01
1.419477239251136780e-01
1.378941368311643600e-01
1.327316723763942719e-01
1.330182794481515884e-01
1.316014118492603302e-01
1.280489694327116013e-01
1.262435372918844223e-01
1.242746505886316299e-01
1.209801491349935532e-01
1.215999945998191833e-01
1.191502418369054794e-01
1.188382674008607864e-01
1.192741058766841888e-01
1.170923057943582535e-01
1.167101319879293442e-01
1.153339594602584839e-01
1.139982994645833969e-01
1.143172271549701691e-01
1.115604732185602188e-01
1.111386641860008240e-01
1.115110293030738831e-01
1.104980595409870148e-01
1.111098136752843857e-01
1.099450439214706421e-01
1.089808475226163864e-01
1.088736485689878464e-01
1.076087113469839096e-01
1.075870767235755920e-01
1.078896299004554749e-01
1.071221474558115005e-01
1.068883985280990601e-01
1.064336337149143219e-01
1.053968798369169235e-01
1.059144586324691772e-01
1.050194799900054932e-01
2.020986899733543396e-01
2.024483680725097656e-01
2.018610015511512756e-01
2.016742043197154999e-01
2.012665607035160065e-01
2.006711289286613464e-01
2.009887136518955231e-01
1.997433044016361237e-01
1.995401419699192047e-01
1.998427659273147583e-01
1.993422061204910278e-01
1.996305622160434723e-01
1.992630846798419952e-01
1.986250355839729309e-01
1.987125836312770844e-01
1.980241127312183380e-01
1.979701109230518341e-01
1.982306987047195435e-01
1.977712288498878479e-01
1.977141611278057098e-01
7.774721384048461914e-01
7.764330059289932251e-01
7.763415873050689697e-01
7.753782719373703003e-01
7.749031037092208862e-01
7.747082859277725220e-01
7.739293426275253296e-01
7.734551578760147095e-01
7.728206813335418701e-01
7.719957381486892700e-01
7.718288004398345947e-01
7.706074565649032593e-01
7.700388133525848389e-01
7.698503881692886353e-01
7.690724134445190430e-01
7.688586562871932983e-01
7.682515233755111694e-01
7.673296630382537842e-01
7.670158594846725464e-01
7.660959661006927490e-01
1.857334859669208527e-01
1.859548129141330719e-01
1.856055893003940582e-01
1.855893768370151520e-01
1.854234039783477783e-01
1.849431023001670837e-01
1.851936466991901398e-01
1.847762800753116608e-01
1.847376488149166107e-01
1.848946660757064819e-01
1.846071481704711914e-01
1.845901161432266235e-01
1.844382248818874359e-01
1.841165609657764435e-01
1.843163557350635529e-01
1.837259419262409210e-01
1.836006715893745422e-01
1.837767250835895538e-01
1.834911368787288666e-01
1.836464554071426392e-01
8.249385505914688110e-01
8.240069001913070679e-01
8.235865235328674316e-01
8.226814866065979004e-01
8.221023380756378174e-01
8.217612951993942261e-01
8.209568411111831665e-01
8.204379528760910034e-01
8.197881132364273071e-01
8.188784122467041016e-01
8.185535818338394165e-01
8.176947832107543945e-01
8.171375989913940430e-01
8.167356848716735840e-01
8.159701079130172729e-01
8.154466599225997925e-01
8.148058950901031494e-01
8.140046000480651855e-01
8.136566281318664551e-01
8.126408159732818604e-01
2.428313083946704865e-01
2.429505847394466400e-01
2.426670640707015991e-01
2.427679337561130524e-01
2.426530942320823669e-01
2.422538101673126221e-01
2.423147298395633698e-01
2.419518828392028809e-01
2.418636009097099304e-01
2.419893629848957062e-01
2.417071275413036346e-01
2.416851110756397247e-01
2.415422648191452026e-01
2.411731891334056854e-01
2.413083575665950775e-01
2.409864366054534912e-01
2.409234493970870972e-01
2.409841790795326233e-01
2.407363168895244598e-01
2.407111898064613342e-01
8.046505749225616455e-01
8.038860261440277100e-01
8.035106062889099121e-01
8.025768697261810303e-01
8.019489645957946777e-01
8.015506118535995483e-01
8.008072674274444580e-01
8.003962934017181396e-01
7.998110204935073853e-01
7.989611774682998657e-01
7.985239624977111816e-01
7.977107912302017212e-01
7.971326857805252075e-01
7.967518270015716553e-01
7.960076332092285156e-01
7.954945415258407593e-01
7.948758900165557861e-01
7.940488457679748535e-01
7.936750352382659912e-01
7.928946614265441895e-01
2.386303842067718506e-01
2.386750839650630951e-01
2.384381219744682312e-01
2.384087555110454559e-01
2.382835634052753448e-01
2.380195520818233490e-01
2.381174378097057343e-01
2.377069182693958282e-01
2.375692613422870636e-01
2.376424744725227356e-01
2.374002262949943542e-01
2.374602966010570526e-01
2.373699732124805450e-01
2.370287552475929260e-01
2.370676547288894653e-01
2.367687150835990906e-01
2.366742491722106934e-01
2.367604151368141174e-01
2.365193702280521393e-01
2.364908829331398010e-01
8.450967818498611450e-01
8.442241251468658447e-01
8.437598645687103271e-01
8.429301083087921143e-01
8.423046022653579712e-01
8.417785316705703735e-01
8.410005718469619751e-01
8.404174447059631348e-01
8.397457301616668701e-01
8.389422148466110229e-01
8.384736329317092896e-01
8.375405073165893555e-01
8.368505388498306274e-01
8.363582789897918701e-01
8.355726152658462524e-01
8.350714445114135742e-01
8.344335705041885376e-01
8.335535675287246704e-01
8.330351263284683228e-01
8.321958333253860474e-01
2.226408310234546661e-01
2.227261476218700409e-01
2.225021161139011383e-01
2.224747054278850555e-01
2.223574854433536530e-01
2.220612019300460815e-01
2.221481278538703918e-01
2.218941077589988708e-01
2.218283750116825104e-01
2.218576930463314056e-01
2.216489985585212708e-01
2.216261141002178192e-01
2.215186767280101776e-01
2.212876118719577789e-01
2.213698215782642365e-01
2.210238687694072723e-01
2.208969742059707642e-01
2.209529466927051544e-01
2.207401320338249207e-01
2.207859307527542114e-01
8.394916355609893799e-01
8.386105149984359741e-01
8.380652517080307007e-01
8.372262865304946899e-01
8.365576714277267456e-01
8.360535353422164917e-01
8.352644443511962891e-01
8.346591591835021973e-01
8.339696675539016724e-01
8.331110328435897827e-01
8.326114267110824585e-01
8.317933082580566406e-01
8.311509639024734497e-01
8.305999040603637695e-01
8.298228681087493896e-01
8.292244970798492432e-01
8.285468071699142456e-01
8.277471512556076050e-01
8.272516578435897827e-01
8.263408839702606201e-01
2.233993969857692719e-01
2.234492078423500061e-01
2.232360243797302246e-01
2.232755050063133240e-01
2.231996506452560425e-01
2.228998467326164246e-01
2.229268439114093781e-01
2.226699516177177429e-01
2.225769832730293274e-01
2.226419933140277863e-01
2.224328033626079559e-01
2.224005311727523804e-01
2.222866006195545197e-01
2.220140546560287476e-01
2.220772318542003632e-01
2.218417748808860779e-01
2.217719145119190216e-01
2.217862196266651154e-01
2.215885147452354431e-01
2.215598709881305695e-01
8.181503415107727051e-01
8.173661977052688599e-01
8.168668597936630249e-01
8.159838616847991943e-01
8.152927309274673462e-01
8.147699832916259766e-01
8.140014708042144775e-01
8.134711831808090210e-01
8.128358274698257446e-01
8.119850158691406250e-01
8.114460259675979614e-01
8.106367588043212891e-01
8.099820315837860107e-01
8.094812631607055664e-01
8.087171316146850586e-01
8.081225752830505371e-01
8.074513077735900879e-01
8.066228181123733521e-01
8.061231374740600586e-01
8.053310811519622803e-01
2.096955701708793640e-01
2.097156643867492676e-01
2.095238156616687775e-01
2.094987146556377411e-01
2.094027288258075714e-01
2.091883607208728790e-01
2.092591151595115662e-01
2.089497335255146027e-01
2.088274955749511719e-01
2.088703848421573639e-01
2.086742855608463287e-01
2.087080068886280060e-01
2.086409479379653931e-01
2.083647064864635468e-01
2.083893194794654846e-01
2.081553265452384949e-01
2.080672569572925568e-01
2.081256434321403503e-01
2.079352252185344696e-01
2.079036943614482880e-01
8.076184540987014771e-01
8.067931085824966431e-01
8.062775731086730957e-01
8.054899424314498901e-01
8.048499822616577148e-01
8.042923361063003540e-01
8.035364598035812378e-01
8.029397577047348022e-01
8.022766113281250000e-01
8.014989048242568970e-01
8.009954392910003662e-01
8.001265525817871094e-01
7.994359284639358521e-01
7.989069670438766479e-01
7.981453239917755127e-01
7.976088523864746094e-01
7.969759553670883179e-01
7.961357533931732178e-01
7.955920100212097168e-01
7.947928756475448608e-01
1.946840025484561920e-01
1.947482004761695862e-01
1.945668272674083710e-01
1.945382356643676758e-01
1.944413222372531891e-01
1.941960044205188751e-01
1.942569948732852936e-01
1.940494477748870850e-01
1.939865835011005402e-01
1.940062865614891052e-01
1.938292980194091797e-01
1.938082948327064514e-01
1.937221959233283997e-01
1.935238130390644073e-01
1.935932934284210205e-01
1.933095604181289673e-01
1.931954175233840942e-01
1.932360269129276276e-01
1.930544003844261169e-01
1.930868811905384064e-01
7.942023575305938721e-01
7.933660894632339478e-01
7.928132712841033936e-01
7.920183241367340088e-01
7.913577109575271606e-01
7.908384799957275391e-01
7.900868207216262817e-01
7.894799262285232544e-01
7.888088822364807129e-01
7.879930138587951660e-01
7.874745577573776245e-01
7.866968512535095215e-01
7.860575467348098755e-01
7.855017185211181641e-01
7.847534865140914917e-01
7.841568291187286377e-01
7.835001051425933838e-01
7.827280163764953613e-01
7.822262793779373169e-01
7.813680768013000488e-01
1.871697343885898590e-01
1.872135251760482788e-01
1.870333738625049591e-01
1.870675086975097656e-01
1.870113238692283630e-01
1.867551729083061218e-01
1.867824234068393707e-01
1.865685619413852692e-01
1.864883005619049072e-01
1.865474991500377655e-01
1.863763146102428436e-01
1.863476745784282684e-01
1.862558834254741669e-01
1.860210523009300232e-01
1.860779076814651489e-01
1.858812384307384491e-01
1.858192533254623413e-01
1.858373619616031647e-01
1.856683343648910522e-01
1.856474243104457855e-01
7.741182595491409302e-01
7.733584940433502197e-01
7.728570550680160522e-01
7.720174193382263184e-01
7.713379859924316406e-01
7.708087563514709473e-01
7.700662910938262939e-01
7.695300728082656860e-01
7.689086794853210449e-01
7.680929303169250488e-01
7.675520926713943481e-01
7.667769491672515869e-01
7.661310285329818726e-01
7.656244635581970215e-01
7.648914009332656860e-01
7.642976641654968262e-01
7.636431008577346802e-01
7.628451138734817505e-01
7.623388916254043579e-01
7.615795880556106567e-01
1.736210249364376068e-01
1.736475229263305664e-01
1.734838932752609253e-01
1.734656654298305511e-01
1.733914278447628021e-01
1.732039488852024078e-01
1.732790321111679077e-01
1.730119436979293823e-01
1.729052774608135223e-01
1.729492582380771637e-01
1.727801486849784851e-01
1.728148981928825378e-01
1.727653406560420990e-01
1.725239492952823639e-01
1.725529730319976807e-01
1.723531521856784821e-01
1.722782887518405914e-01
1.723375543951988220e-01
1.721790954470634460e-01
1.721532419323921204e-01
7.581171691417694092e-01
7.573277801275253296e-01
7.568168342113494873e-01
7.560657560825347900e-01
7.554398924112319946e-01
7.548962086439132690e-01
7.541706860065460205e-01
7.535872310400009155e-01
7.529495209455490112e-01
7.522007226943969727e-01
7.517098784446716309e-01
7.508833706378936768e-01
7.502127885818481445e-01
7.496920973062515259e-01
7.489610761404037476e-01
7.484330087900161743e-01
7.478217929601669312e-01
7.470184415578842163e-01
7.464864552021026611e-01
7.457237839698791504e-01
1.600705161690711975e-01
1.601371467113494873e-01
1.599844470620155334e-01
1.599617488682270050e-01
1.598834209144115448e-01
1.596651226282119751e-01
1.597278565168380737e-01
1.595483310520648956e-01
1.594941914081573486e-01
1.595238298177719116e-01
1.593698486685752869e-01
1.593560427427291870e-01
1.592891700565814972e-01
1.591126322746276855e-01
1.591896601021289825e-01
1.589369624853134155e-01
1.588377654552459717e-01
1.588829047977924347e-01
1.587237007915973663e-01
1.587603390216827393e-01
7.434366345405578613e-01
7.426387965679168701e-01
7.421024888753890991e-01
7.413454353809356689e-01
7.407075613737106323e-01
7.402024865150451660e-01
7.394874840974807739e-01
7.388971447944641113e-01
7.382542490959167480e-01
7.374742627143859863e-01
7.369678616523742676e-01
7.362258881330490112e-01
7.356062829494476318e-01
7.350717335939407349e-01
7.343545407056808472e-01
7.337765842676162720e-01
7.331478148698806763e-01
7.324065119028091431e-01
7.319244146347045898e-01
7.311058789491653442e-01
1.510477159172296524e-01
1.510980948805809021e-01
1.509402543306350708e-01
1.509807445108890533e-01
1.509402059018611908e-01
1.507120672613382339e-01
1.507476698607206345e-01
1.505603250116109848e-01
1.504940241575241089e-01
1.505598761141300201e-01
1.504149381071329117e-01
1.503939330577850342e-01
1.503205634653568268e-01
1.501111779361963272e-01
1.501719634979963303e-01
1.500017046928405762e-01
1.499490905553102493e-01
1.499796472489833832e-01
1.498323306441307068e-01
1.498203165829181671e-01
7.249553352594375610e-01
7.242246121168136597e-01
7.237424403429031372e-01
7.229389250278472900e-01
7.222826629877090454e-01
7.217701971530914307e-01
7.210568040609359741e-01
7.205369472503662109e-01
7.199398428201675415e-01
7.191579490900039673e-01
7.186348587274551392e-01
7.178934365510940552e-01
7.172702401876449585e-01
7.167793810367584229e-01
7.160814553499221802e-01
7.155030518770217896e-01
7.148755490779876709e-01
7.141097784042358398e-01
7.136173844337463379e-01
7.128921449184417725e-01
1.386180594563484192e-01
1.386575028300285339e-01
1.385136153548955917e-01
1.385045666247606277e-01
1.384483519941568375e-01
1.382795758545398712e-01
1.383660379797220230e-01
1.381236948072910309e-01
1.380312964320182800e-01
1.380835920572280884e-01
1.379341296851634979e-01
1.379764433950185776e-01
1.379415895789861679e-01
1.377241089940071106e-01
1.377622913569211960e-01
1.375853884965181351e-01
1.375240366905927658e-01
1.375914961099624634e-01
1.374563593417406082e-01
1.374382451176643372e-01
7.080141156911849976e-01
7.072572708129882812e-01
7.067652046680450439e-01
7.060487866401672363e-01
7.054443508386611938e-01
7.049261182546615601e-01
7.042321264743804932e-01
7.036695182323455811e-01
7.030616849660873413e-01
7.023428827524185181e-01
7.018757760524749756e-01
7.010841369628906250e-01
7.004397213459014893e-01
6.999401748180389404e-01
6.992399394512176514e-01
6.987316757440567017e-01
6.981473714113235474e-01
6.973787397146224976e-01
6.968679875135421753e-01
6.961398124694824219e-01
1.265895869582891464e-01
1.266642007976770401e-01
1.265335790812969208e-01
1.265173703432083130e-01
1.264553032815456390e-01
1.262561026960611343e-01
1.263252664357423782e-01
1.261657588183879852e-01
1.261212807148694992e-01
1.261642370373010635e-01
1.260280534625053406e-01
1.260225400328636169e-01
1.259724069386720657e-01
1.258116625249385834e-01
1.259004194289445877e-01
1.256693080067634583e-01
1.255821865051984787e-01
1.256360821425914764e-01
1.254944894462823868e-01
1.255386676639318466e-01
6.936928033828735352e-01
6.929305791854858398e-01
6.924174427986145020e-01
6.916941404342651367e-01
6.910831630229949951e-01
6.906013339757919312e-01
6.899206340312957764e-01
6.893522739410400391e-01
6.887389123439788818e-01
6.879907846450805664e-01
6.875066459178924561e-01
6.867986917495727539e-01
6.862017959356307983e-01
6.856950074434280396e-01
6.850095987319946289e-01
6.844534724950790405e-01
6.838552057743072510e-01
6.831440478563308716e-01
6.826877892017364502e-01
6.819034814834594727e-01
1.177098639309406281e-01
1.177696697413921356e-01
1.176283694803714752e-01
1.176771782338619232e-01
1.176502276211977005e-01
1.174416746944189072e-01
1.174866128712892532e-01
1.173187252134084702e-01
1.172649059444665909e-01
1.173397619277238846e-01
1.172147691249847412e-01
1.172015015035867691e-01
1.171435248106718063e-01
1.169501766562461853e-01
1.170204635709524155e-01
1.168689001351594925e-01
1.168253459036350250e-01
1.168699022382497787e-01
1.167388204485177994e-01
1.167357731610536575e-01
6.768429279327392578e-01
6.761403679847717285e-01
6.756843030452728271e-01
6.749124079942703247e-01
6.742823123931884766e-01
6.737922579050064087e-01
6.731084883213043213e-01
6.726106107234954834e-01
6.720402389764785767e-01
6.712897419929504395e-01
6.707903742790222168e-01
6.700806021690368652e-01
6.694829314947128296e-01
6.690148413181304932e-01
6.683495193719863892e-01
6.677922606468200684e-01
6.671930998563766479e-01
6.664565950632095337e-01
6.659868508577346802e-01
6.652919948101043701e-01
1.066281720995903015e-01
1.066810283809900284e-01
1.065524443984031677e-01
1.065513808280229568e-01
1.065098643302917480e-01
1.063550449907779694e-01
1.064535435289144516e-01
1.062280833721160889e-01
1.061474084854125977e-01
1.062088999897241592e-01
1.060742270201444626e-01
1.061250865459442139e-01
1.061023753136396408e-01
1.059022396802902222e-01
1.059497166424989700e-01
1.057899985462427139e-01
1.057402379810810089e-01
1.058169230818748474e-01
1.057001762092113495e-01
1.056888680905103683e-01
6.604950726032257080e-01
6.597681194543838501e-01
6.592987477779388428e-01
6.586133837699890137e-01
6.580328494310379028e-01
6.575427651405334473e-01
6.568776816129684448e-01
6.563382595777511597e-01
6.557593345642089844e-01
6.550683528184890747e-01
6.546281278133392334e-01
6.538672000169754028e-01
6.532488316297531128e-01
6.527732163667678833e-01
6.521020978689193726e-01
6.516170948743820190e-01
6.510594338178634644e-01
6.503223180770874023e-01
6.498351991176605225e-01
6.491380780935287476e-01
9.604426659643650055e-02
9.612750075757503510e-02
9.601219370961189270e-02
9.600437805056571960e-02
9.595523588359355927e-02
9.576915949583053589e-02
9.584640525281429291e-02
9.570283442735671997e-02
9.566566534340381622e-02
9.572122991085052490e-02
9.559848532080650330e-02
9.560080990195274353e-02
9.556403011083602905e-02
9.541561454534530640e-02
9.551558271050453186e-02
9.529857151210308075e-02
9.522257745265960693e-02
9.528572112321853638e-02
9.515705145895481110e-02
9.520975500345230103e-02
6.471364349126815796e-01
6.464045047760009766e-01
6.459152549505233765e-01
6.452230364084243774e-01
6.446377635002136230e-01
6.441804170608520508e-01
6.435307115316390991e-01
6.429855674505233765e-01
6.424003988504409790e-01
6.416805237531661987e-01
6.412199139595031738e-01
6.405423432588577271e-01
6.399689614772796631e-01
6.394903212785720825e-01
6.388327926397323608e-01
6.383002400398254395e-01
6.377302557229995728e-01
6.370463520288467407e-01
6.366171538829803467e-01
6.358621418476104736e-01
8.791269920766353607e-02
8.798104152083396912e-02
8.785180561244487762e-02
8.790880255401134491e-02
8.789232373237609863e-02
8.769856020808219910e-02
8.775180950760841370e-02
8.759813755750656128e-02
8.755439333617687225e-02
8.763818815350532532e-02
8.752894774079322815e-02
8.752157539129257202e-02
8.747554570436477661e-02
8.729571476578712463e-02
8.737281709909439087e-02
8.723527193069458008e-02
8.719934523105621338e-02
8.725600130856037140e-02
8.713758178055286407e-02
8.714202046394348145e-02
6.318228393793106079e-01
6.311463564634323120e-01
6.307162195444107056e-01
6.299729645252227783e-01
6.293678283691406250e-01
6.289016455411911011e-01
6.282447874546051025e-01
6.277698129415512085e-01
6.272242814302444458e-01
6.265038102865219116e-01
6.260271221399307251e-01
6.253459379076957703e-01
6.247738227248191833e-01
6.243296265602111816e-01
6.236930862069129944e-01
6.231579631567001343e-01
6.225859522819519043e-01
6.218753680586814880e-01
6.214289739727973938e-01
6.207632794976234436e-01
7.815332617610692978e-02
7.821790687739849091e-02
7.810071203857660294e-02
7.810608483850955963e-02
7.807629741728305817e-02
7.793175894767045975e-02
7.804066967219114304e-02
7.782701309770345688e-02
7.775569334626197815e-02
7.782531064003705978e-02
7.770173158496618271e-02
7.775985356420278549e-02
7.774665579199790955e-02
7.755947019904851913e-02
7.761480752378702164e-02
7.746788673102855682e-02
7.742727454751729965e-02
7.751220278441905975e-02
7.740854378789663315e-02
7.740367297083139420e-02
6.165029332041740417e-01
6.158017143607139587e-01
6.153561100363731384e-01
6.146984100341796875e-01
6.141401082277297974e-01
6.136769205331802368e-01
6.130387410521507263e-01
6.125211492180824280e-01
6.119690164923667908e-01
6.113037690520286560e-01
6.108891144394874573e-01
6.101558730006217957e-01
6.095614954829216003e-01
6.091101020574569702e-01
6.084646135568618774e-01
6.080028414726257324e-01
6.074699312448501587e-01
6.067605614662170410e-01
6.062971204519271851e-01
6.056275144219398499e-01
6.889005377888679504e-02
6.898060720413923264e-02
6.887864880263805389e-02
6.887496728450059891e-02
6.883632391691207886e-02
6.865956448018550873e-02
6.874389201402664185e-02
6.861214060336351395e-02
6.858075503259897232e-02
6.864697858691215515e-02
6.853456329554319382e-02
6.854241620749235153e-02
6.851619575172662735e-02
6.837683077901601791e-02
6.848620623350143433e-02
6.828034576028585434e-02
6.821255851536989212e-02
6.828323006629943848e-02
6.816436443477869034e-02
6.822377163916826248e-02
6.042673066258430481e-01
6.035627797245979309e-01
6.030965819954872131e-01
6.024317815899848938e-01
6.018707081675529480e-01
6.014363840222358704e-01
6.008147001266479492e-01
6.002905219793319702e-01
5.997314229607582092e-01
5.990370064973831177e-01
5.985991954803466797e-01
5.979484915733337402e-01
5.973971337080001831e-01
5.969447717070579529e-01
5.963132977485656738e-01
5.958021581172943115e-01
5.952584594488143921e-01
5.945985540747642517e-01
5.941953435540199280e-01
5.934664607048034668e-01
6.167094968259334564e-02
6.174636911600828171e-02
6.162646785378456116e-02
6.168946437537670135e-02
6.168082635849714279e-02
6.149762030690908432e-02
6.155758537352085114e-02
6.141478382050991058e-02
6.137867271900177002e-02
6.146932765841484070e-02
6.137149594724178314e-02
6.136881746351718903e-02
6.133277155458927155e-02
6.116158980876207352e-02
6.124461628496646881e-02
6.111813522875308990e-02
6.108733639121055603e-02
6.115388777107000351e-02
6.104498822242021561e-02
6.105468980967998505e-02
5.903643295168876648e-01
5.897116437554359436e-01
5.893058255314826965e-01
5.885871276259422302e-01
5.880055353045463562e-01
5.875619277358055115e-01
5.869293734431266785e-01
5.864761173725128174e-01
5.859535932540893555e-01
5.852589756250381470e-01
5.848043933510780334e-01
5.841492414474487305e-01
5.836000740528106689e-01
5.831781625747680664e-01
5.825683921575546265e-01
5.820531547069549561e-01
5.815060511231422424e-01
5.808208361268043518e-01
5.803943723440170288e-01
5.797545760869979858e-01
5.313607119023799896e-02
5.320995673537254333e-02
5.310085602104663849e-02
5.311126820743083954e-02
5.309030227363109589e-02
5.295281764119863510e-02
5.306965764611959457e-02
5.286507681012153625e-02
5.280050728470087051e-02
5.287635419517755508e-02
5.276068020612001419e-02
5.282441060990095139e-02
5.281847342848777771e-02
5.264075193554162979e-02
5.270206741988658905e-02
5.256462655961513519e-02
5.253068543970584869e-02
5.262189544737339020e-02
5.252812057733535767e-02
5.252775084227323532e-02
5.761346295475959778e-01
5.754572004079818726e-01
5.750323832035064697e-01
5.743999928236007690e-01
5.738622695207595825e-01
5.734237208962440491e-01
5.728088840842247009e-01
5.723124444484710693e-01
5.717845782637596130e-01
5.711419656872749329e-01
5.707508325576782227e-01
5.700414925813674927e-01
5.694703012704849243e-01
5.690404549241065979e-01
5.684186890721321106e-01
5.679778084158897400e-01
5.674672722816467285e-01
5.667831450700759888e-01
5.663412660360336304e-01
5.656964182853698730e-01
4.506219457834959030e-02
4.515855479985475540e-02
4.506537318229675293e-02
4.506524838507175446e-02
4.503448773175477982e-02
4.486527945846319199e-02
4.495358653366565704e-02
4.483045265078544617e-02
4.480306059122085571e-02
4.487755615264177322e-02
4.477242659777402878e-02
4.478442296385765076e-02
4.476607125252485275e-02
4.463302902877330780e-02
4.474928509443998337e-02
4.455155041068792343e-02
4.448944982141256332e-02
4.456570092588663101e-02
4.445373080670833588e-02
4.451785422861576080e-02
5.649343952536582947e-01
5.642533600330352783e-01
5.638089701533317566e-01
5.631681308150291443e-01
5.626295059919357300e-01
5.622164234519004822e-01
5.616195276379585266e-01
5.611150413751602173e-01
5.605801269412040710e-01
5.599081665277481079e-01
5.594905987381935120e-01
5.588646978139877319e-01
5.583328083157539368e-01
5.579044744372367859e-01
5.572962388396263123e-01
5.568051040172576904e-01
5.562850236892700195e-01
5.556473508477210999e-01
5.552666187286376953e-01
5.545609891414642334e-01
3.869245480746030807e-02
3.877314087003469467e-02
3.865916375070810318e-02
3.872646298259496689e-02
3.872342593967914581e-02
3.854799922555685043e-02
3.861252311617136002e-02
3.847734723240137100e-02
3.844669833779335022e-02
3.854243922978639603e-02
3.845232352614402771e-02
3.845310863107442856e-02
3.842408210039138794e-02
3.825896698981523514e-02
3.834629058837890625e-02
3.822741284966468811e-02
3.820051997900009155e-02
3.827434591948986053e-02
3.817181661725044250e-02
3.818511590361595154e-02
0.000000000000000000e+00
0.000000000000000000e+00
0.000000000000000000e+00
0.000000000000000000e+00
0.000000000000000000e+00
0.000000000000000000e+00
0.000000000000000000e+00
0.000000000000000000e+00
0.000000000000000000e+00
0.000000000000000000e+00
0.000000000000000000e+00
0.000000000000000000e+00
0.000000000000000000e+00
0.000000000000000000e+00
0.000000000000000000e+00
0.000000000000000000e+00
0.000000000000000000e+00
0.000000000000000000e+00
0.000000000000000000e+00
0.000000000000000000e+00
0.000000000000000000e+00
0.000000000000000000e+00
0.000000000000000000e+00
0.000000000000000000e+00
0.000000000000000000e+00
0.000000000000000000e+00
0.000000000000000000e+00
0.000000000000000000e+00
0.000000000000000000e+00
0.000000000000000000e+00
0.000000000000000000e+00
0.000000000000000000e+00
0.000000000000000000e+00
0.000000000000000000e+00
0.000000000000000000e+00
0.000000000000000000e+00
0.000000000000000000e+00
0.000000000000000000e+00
0.000000000000000000e+00
0.000000000000000000e+00
0.000000000000000000e+00
0.000000000000000000e+00
0.000000000000000000e+00
0.000000000000000000e+00
0.000000000000000000e+00
0.000000000000000000e+00
0.000000000000000000e+00
0.000000000000000000e+00
0.000000000000000000e+00
0.000000000000000000e+00
0.000000000000000000e+00
0.000000000000000000e+00
0.000000000000000000e+00
0.000000000000000000e+00
0.000000000000000000e+00
0.000000000000000000e+00
0.000000000000000000e+00
0.000000000000000000e+00
0.000000000000000000e+00
0.000000000000000000e+00
0.000000000000000000e+00
0.000000000000000000e+00
0.000000000000000000e+00
0.000000000000000000e+00
0.000000000000000000e+00
0.000000000000000000e+00
0.000000000000000000e+00
0.000000000000000000e+00
0.000000000000000000e+00
0.000000000000000000e+00
0.000000000000000000e+00
0.000000000000000000e+00
0.000000000000000000e+00
0.000000000000000000e+00
0.000000000000000000e+00
0.000000000000000000e+00
0.000000000000000000e+00
0.000000000000000000e+00
0.000000000000000000e+00
0.000000000000000000e+00
0.000000000000000000e+00
0.000000000000000000e+00
0.000000000000000000e+00
0.000000000000000000e+00
0.000000000000000000e+00
0.000000000000000000e+00
0.000000000000000000e+00
0.000000000000000000e+00
0.000000000000000000e+00
0.000000000000000000e+00
0.000000000000000000e+00
0.000000000000000000e+00
0.000000000000000000e+00
0.000000000000000000e+00
0.000000000000000000e+00
0.000000000000000000e+00
0.000000000000000000e+00
0.000000000000000000e+00
0.000000000000000000e+00
0.000000000000000000e+00
0.000000000000000000e+00
0.000000000000000000e+00
0.000000000000000000e+00
0.000000000000000000e+00
0.000000000000000000e+00
0.000000000000000000e+00
0.000000000000000000e+00
0.000000000000000000e+00
0.000000000000000000e+00
0.000000000000000000e+00
0.000000000000000000e+00
0.000000000000000000e+00
0.000000000000000000e+00
0.000000000000000000e+00
0.000000000000000000e+00
0.000000000000000000e+00
0.000000000000000000e+00
0.000000000000000000e+00
0.000000000000000000e+00
0.000000000000000000e+00
0.000000000000000000e+00
0.000000000000000000e+00
0.000000000000000000e+00
0.000000000000000000e+00
0.000000000000000000e+00
0.000000000000000000e+00
0.000000000000000000e+00
0.000000000000000000e+00
0.000000000000000000e+00
0.000000000000000000e+00
0.000000000000000000e+00
0.000000000000000000e+00
0.000000000000000000e+00
0.000000000000000000e+00
0.000000000000000000e+00
0.000000000000000000e+00
0.000000000000000000e+00
0.000000000000000000e+00
0.000000000000000000e+00
0.000000000000000000e+00
0.000000000000000000e+00
0.000000000000000000e+00
0.000000000000000000e+00
0.000000000000000000e+00
0.000000000000000000e+00
0.000000000000000000e+00
0.000000000000000000e+00
0.000000000000000000e+00
0.000000000000000000e+00
0.000000000000000000e+00
0.000000000000000000e+00
0.000000000000000000e+00
0.000000000000000000e+00
0.000000000000000000e+00
0.000000000000000000e+00
0.000000000000000000e+00
0.000000000000000000e+00
0.000000000000000000e+00
0.000000000000000000e+00
0.000000000000000000e+00
0.000000000000000000e+00
0.000000000000000000e+00
0.000000000000000000e+00
0.000000000000000000e+00
0.000000000000000000e+00
0.000000000000000000e+00
0.000000000000000000e+00
0.000000000000000000e+00
0.000000000000000000e+00
0.000000000000000000e+00
0.000000000000000000e+00
0.000000000000000000e+00
0.000000000000000000e+00
0.000000000000000000e+00
0.000000000000000000e+00
0.000000000000000000e+00
0.000000000000000000e+00
0.000000000000000000e+00
0.000000000000000000e+00
0.000000000000000000e+00
0.000000000000000000e+00
0.000000000000000000e+00
0.000000000000000000e+00
0.000000000000000000e+00
0.000000000000000000e+00
0.000000000000000000e+00
0.000000000000000000e+00
0.000000000000000000e+00
0.000000000000000000e+00
0.000000000000000000e+00
0.000000000000000000e+00
0.000000000000000000e+00
0.000000000000000000e+00
0.000000000000000000e+00
0.000000000000000000e+00
0.000000000000000000e+00
0.000000000000000000e+00
0.000000000000000000e+00
0.000000000000000000e+00
0.000000000000000000e+00
0.000000000000000000e+00
0.000000000000000000e+00
0.000000000000000000e+00
0.000000000000000000e+00
0.000000000000000000e+00
0.000000000000000000e+00
0.000000000000000000e+00
0.000000000000000000e+00
0.000000000000000000e+00
0.000000000000000000e+00
0.000000000000000000e+00
0.000000000000000000e+00
0.000000000000000000e+00
0.000000000000000000e+00
0.000000000000000000e+00
0.000000000000000000e+00
0.000000000000000000e+00
0.000000000000000000e+00
0.000000000000000000e+00
0.000000000000000000e+00
0.000000000000000000e+00
0.000000000000000000e+00
0.000000000000000000e+00
0.000000000000000000e+00
0.000000000000000000e+00
0.000000000000000000e+00
0.000000000000000000e+00
0.000000000000000000e+00
0.000000000000000000e+00
0.000000000000000000e+00
0.000000000000000000e+00
0.000000000000000000e+00
0.000000000000000000e+00
0.000000000000000000e+00
0.000000000000000000e+00
0.000000000000000000e+00
0.000000000000000000e+00
0.000000000000000000e+00
0.000000000000000000e+00
0.000000000000000000e+00
0.000000000000000000e+00
0.000000000000000000e+00
0.000000000000000000e+00
0.000000000000000000e+00
0.000000000000000000e+00
0.000000000000000000e+00
0.000000000000000000e+00
0.000000000000000000e+00
0.000000000000000000e+00
0.000000000000000000e+00
0.000000000000000000e+00
0.000000000000000000e+00
0.000000000000000000e+00
0.000000000000000000e+00
0.000000000000000000e+00
0.000000000000000000e+00
0.000000000000000000e+00
0.000000000000000000e+00
0.000000000000000000e+00
0.000000000000000000e+00
0.000000000000000000e+00
0.000000000000000000e+00
0.000000000000000000e+00
0.000000000000000000e+00
0.000000000000000000e+00
0.000000000000000000e+00
0.000000000000000000e+00
0.000000000000000000e+00
0.000000000000000000e+00
0.000000000000000000e+00
0.000000000000000000e+00
0.000000000000000000e+00
0.000000000000000000e+00
0.000000000000000000e+00
0.000000000000000000e+00
0.000000000000000000e+00
0.000000000000000000e+00
0.000000000000000000e+00
0.000000000000000000e+00
0.000000000000000000e+00
0.000000000000000000e+00
0.000000000000000000e+00
0.000000000000000000e+00
0.000000000000000000e+00
0.000000000000000000e+00
0.000000000000000000e+00
0.000000000000000000e+00
0.000000000000000000e+00
0.000000000000000000e+00
0.000000000000000000e+00
0.000000000000000000e+00
0.000000000000000000e+00
0.000000000000000000e+00
0.000000000000000000e+00
0.000000000000000000e+00
0.000000000000000000e+00
0.000000000000000000e+00
0.000000000000000000e+00
0.000000000000000000e+00
0.000000000000000000e+00
0.000000000000000000e+00
0.000000000000000000e+00
0.000000000000000000e+00
0.000000000000000000e+00
0.000000000000000000e+00
0.000000000000000000e+00
0.000000000000000000e+00
0.000000000000000000e+00
0.000000000000000000e+00
0.000000000000000000e+00
0.000000000000000000e+00
0.000000000000000000e+00
0.000000000000000000e+00
0.000000000000000000e+00
0.000000000000000000e+00
0.000000000000000000e+00
0.000000000000000000e+00
0.000000000000000000e+00
0.000000000000000000e+00
0.000000000000000000e+00
0.000000000000000000e+00
0.000000000000000000e+00
0.000000000000000000e+00
0.000000000000000000e+00
0.000000000000000000e+00
0.000000000000000000e+00
0.000000000000000000e+00
0.000000000000000000e+00
0.000000000000000000e+00
0.000000000000000000e+00
0.000000000000000000e+00
0.000000000000000000e+00
0.000000000000000000e+00
0.000000000000000000e+00
0.000000000000000000e+00
0.000000000000000000e+00
0.000000000000000000e+00
0.000000000000000000e+00
0.000000000000000000e+00
0.000000000000000000e+00
0.000000000000000000e+00
0.000000000000000000e+00
0.000000000000000000e+00
0.000000000000000000e+00
0.000000000000000000e+00
0.000000000000000000e+00
0.000000000000000000e+00
0.000000000000000000e+00
0.000000000000000000e+00
0.000000000000000000e+00
0.000000000000000000e+00
0.000000000000000000e+00
0.000000000000000000e+00
0.000000000000000000e+00
0.000000000000000000e+00
0.000000000000000000e+00
0.000000000000000000e+00
0.000000000000000000e+00
0.000000000000000000e+00
0.000000000000000000e+00
0.000000000000000000e+00
0.000000000000000000e+00
0.000000000000000000e+00
0.000000000000000000e+00
0.000000000000000000e+00
0.000000000000000000e+00
0.000000000000000000e+00
0.000000000000000000e+00
0.000000000000000000e+00
0.000000000000000000e+00
0.000000000000000000e+00
0.000000000000000000e+00
0.000000000000000000e+00
0.000000000000000000e+00
0.000000000000000000e+00
0.000000000000000000e+00
0.000000000000000000e+00
0.000000000000000000e+00
0.000000000000000000e+00
0.000000000000000000e+00
0.000000000000000000e+00
0.000000000000000000e+00
0.000000000000000000e+00
0.000000000000000000e+00
0.000000000000000000e+00
0.000000000000000000e+00
0.000000000000000000e+00
0.000000000000000000e+00
0.000000000000000000e+00
0.000000000000000000e+00
0.000000000000000000e+00
0.000000000000000000e+00
0.000000000000000000e+00
0.000000000000000000e+00
0.000000000000000000e+00
0.000000000000000000e+00
0.000000000000000000e+00
0.000000000000000000e+00
0.000000000000000000e+00
0.000000000000000000e+00
0.000000000000000000e+00
0.000000000000000000e+00
0.000000000000000000e+00
0.000000000000000000e+00
0.000000000000000000e+00
0.000000000000000000e+00
0.000000000000000000e+00
0.000000000000000000e+00
0.000000000000000000e+00
0.000000000000000000e+00
0.000000000000000000e+00
0.000000000000000000e+00
0.000000000000000000e+00
0.000000000000000000e+00
0.000000000000000000e+00
0.000000000000000000e+00
0.000000000000000000e+00
0.000000000000000000e+00
0.000000000000000000e+00
0.000000000000000000e+00
0.000000000000000000e+00
0.000000000000000000e+00
0.000000000000000000e+00
0.000000000000000000e+00
0.000000000000000000e+00
0.000000000000000000e+00
0.000000000000000000e+00
0.000000000000000000e+00
0.000000000000000000e+00
0.000000000000000000e+00
0.000000000000000000e+00
0.000000000000000000e+00
0.000000000000000000e+00
0.000000000000000000e+00
0.000000000000000000e+00
0.000000000000000000e+00
0.000000000000000000e+00
0.000000000000000000e+00
0.000000000000000000e+00
0.000000000000000000e+00
0.000000000000000000e+00
0.000000000000000000e+00
0.000000000000000000e+00
0.000000000000000000e+00
0.000000000000000000e+00
0.000000000000000000e+00
0.000000000000000000e+00
0.000000000000000000e+00
0.000000000000000000e+00
0.000000000000000000e+00
0.000000000000000000e+00
0.000000000000000000e+00
0.000000000000000000e+00
0.000000000000000000e+00
0.000000000000000000e+00
0.000000000000000000e+00
0.000000000000000000e+00
0.000000000000000000e+00
0.000000000000000000e+00
0.000000000000000000e+00
0.000000000000000000e+00
0.000000000000000000e+00
0.000000000000000000e+00
0.000000000000000000e+00
0.000000000000000000e+00
0.000000000000000000e+00
0.000000000000000000e+00
0.000000000000000000e+00
0.000000000000000000e+00
0.000000000000000000e+00
0.000000000000000000e+00
0.000000000000000000e+00
0.000000000000000000e+00
0.000000000000000000e+00
0.000000000000000000e+00
0.000000000000000000e+00
0.000000000000000000e+00
0.000000000000000000e+00
0.000000000000000000e+00
0.000000000000000000e+00
0.000000000000000000e+00
0.000000000000000000e+00
0.000000000000000000e+00
0.000000000000000000e+00
0.000000000000000000e+00
0.000000000000000000e+00
0.000000000000000000e+00
0.000000000000000000e+00
0.000000000000000000e+00
0.000000000000000000e+00
0.000000000000000000e+00
0.000000000000000000e+00
0.000000000000000000e+00
0.000000000000000000e+00
0.000000000000000000e+00
0.000000000000000000e+00
0.000000000000000000e+00
0.000000000000000000e+00
0.000000000000000000e+00
0.000000000000000000e+00
0.000000000000000000e+00
0.000000000000000000e+00
0.000000000000000000e+00
0.000000000000000000e+00
0.000000000000000000e+00
0.000000000000000000e+00
0.000000000000000000e+00
0.000000000000000000e+00
0.000000000000000000e+00
0.000000000000000000e+00
0.000000000000000000e+00
0.000000000000000000e+00
0.000000000000000000e+00
0.000000000000000000e+00
0.000000000000000000e+00
0.000000000000000000e+00
0.000000000000000000e+00
0.000000000000000000e+00
0.000000000000000000e+00
0.000000000000000000e+00
0.000000000000000000e+00
0.000000000000000000e+00
0.000000000000000000e+00
0.000000000000000000e+00
0.000000000000000000e+00
0.000000000000000000e+00
0.000000000000000000e+00
0.000000000000000000e+00
0.000000000000000000e+00
0.000000000000000000e+00
0.000000000000000000e+00
0.000000000000000000e+00
0.000000000000000000e+00
0.000000000000000000e+00
0.000000000000000000e+00
0.000000000000000000e+00
0.000000000000000000e+00
0.000000000000000000e+00
0.000000000000000000e+00
0.000000000000000000e+00
0.000000000000000000e+00
0.000000000000000000e+00
0.000000000000000000e+00
0.000000000000000000e+00
0.000000000000000000e+00
0.000000000000000000e+00
0.000000000000000000e+00
0.000000000000000000e+00
0.000000000000000000e+00
0.000000000000000000e+00
0.000000000000000000e+00
0.000000000000000000e+00
0.000000000000000000e+00
0.000000000000000000e+00
0.000000000000000000e+00
0.000000000000000000e+00
0.000000000000000000e+00
0.000000000000000000e+00
0.000000000000000000e+00
0.000000000000000000e+00
0.000000000000000000e+00
0.000000000000000000e+00
0.000000000000000000e+00
0.000000000000000000e+00
0.000000000000000000e+00
0.000000000000000000e+00
0.000000000000000000e+00
0.000000000000000000e+00
0.000000000000000000e+00
0.000000000000000000e+00
0.000000000000000000e+00
0.000000000000000000e+00
0.000000000000000000e+00
0.000000000000000000e+00
0.000000000000000000e+00
0.000000000000000000e+00
0.000000000000000000e+00
0.000000000000000000e+00
0.000000000000000000e+00
0.000000000000000000e+00
0.000000000000000000e+00
0.000000000000000000e+00
0.000000000000000000e+00
0.000000000000000000e+00
0.000000000000000000e+00
0.000000000000000000e+00
0.000000000000000000e+00
0.000000000000000000e+00
0.000000000000000000e+00
0.000000000000000000e+00
0.000000000000000000e+00
0.000000000000000000e+00
0.000000000000000000e+00
0.000000000000000000e+00
0.000000000000000000e+00
0.000000000000000000e+00
0.000000000000000000e+00
0.000000000000000000e+00
0.000000000000000000e+00
0.000000000000000000e+00
0.000000000000000000e+00
0.000000000000000000e+00
0.000000000000000000e+00
0.000000000000000000e+00
0.000000000000000000e+00
0.000000000000000000e+00
0.000000000000000000e+00
0.000000000000000000e+00
0.000000000000000000e+00
0.000000000000000000e+00
0.000000000000000000e+00
0.000000000000000000e+00
0.000000000000000000e+00
0.000000000000000000e+00
0.000000000000000000e+00
0.000000000000000000e+00
0.000000000000000000e+00
0.000000000000000000e+00
0.000000000000000000e+00
0.000000000000000000e+00
0.000000000000000000e+00
0.000000000000000000e+00
0.000000000000000000e+00
0.000000000000000000e+00
0.000000000000000000e+00
0.000000000000000000e+00
0.000000000000000000e+00
0.000000000000000000e+00
0.000000000000000000e+00
0.000000000000000000e+00
0.000000000000000000e+00
0.000000000000000000e+00
0.000000000000000000e+00
0.000000000000000000e+00
0.000000000000000000e+00
0.000000000000000000e+00
0.000000000000000000e+00
0.000000000000000000e+00
0.000000000000000000e+00
0.000000000000000000e+00
0.000000000000000000e+00
0.000000000000000000e+00
0.000000000000000000e+00
0.000000000000000000e+00
0.000000000000000000e+00
0.000000000000000000e+00
0.000000000000000000e+00
0.000000000000000000e+00
0.000000000000000000e+00
0.000000000000000000e+00
0.000000000000000000e+00
0.000000000000000000e+00
0.000000000000000000e+00
0.000000000000000000e+00
0.000000000000000000e+00
0.000000000000000000e+00
0.000000000000000000e+00
0.000000000000000000e+00
0.000000000000000000e+00
0.000000000000000000e+00
0.000000000000000000e+00
0.000000000000000000e+00
0.000000000000000000e+00
0.000000000000000000e+00
0.000000000000000000e+00
0.000000000000000000e+00
0.000000000000000000e+00
0.000000000000000000e+00
0.000000000000000000e+00
0.000000000000000000e+00
0.000000000000000000e+00
0.000000000000000000e+00
0.000000000000000000e+00
0.000000000000000000e+00
0.000000000000000000e+00
0.000000000000000000e+00
0.000000000000000000e+00
0.000000000000000000e+00
0.000000000000000000e+00
0.000000000000000000e+00
0.000000000000000000e+00
0.000000000000000000e+00
0.000000000000000000e+00
0.000000000000000000e+00
0.000000000000000000e+00
0.000000000000000000e+00
0.000000000000000000e+00
0.000000000000000000e+00
0.000000000000000000e+00
0.000000000000000000e+00
0.000000000000000000e+00
0.000000000000000000e+00
0.000000000000000000e+00
0.000000000000000000e+00
0.000000000000000000e+00
0.000000000000000000e+00
0.000000000000000000e+00
0.000000000000000000e+00
0.000000000000000000e+00
0.000000000000000000e+00
0.000000000000000000e+00
0.000000000000000000e+00
0.000000000000000000e+00
0.000000000000000000e+00
0.000000000000000000e+00
0.000000000000000000e+00
0.000000000000000000e+00
0.000000000000000000e+00
0.000000000000000000e+00
0.000000000000000000e+00
0.000000000000000000e+00
0.000000000000000000e+00
0.000000000000000000e+00
0.000000000000000000e+00
0.000000000000000000e+00
0.000000000000000000e+00
0.000000000000000000e+00
0.000000000000000000e+00
0.000000000000000000e+00
0.000000000000000000e+00
0.000000000000000000e+00
0.000000000000000000e+00
0.000000000000000000e+00
0.000000000000000000e+00
0.000000000000000000e+00
0.000000000000000000e+00
0.000000000000000000e+00
0.000000000000000000e+00
0.000000000000000000e+00
0.000000000000000000e+00
0.000000000000000000e+00
0.000000000000000000e+00
0.000000000000000000e+00
0.000000000000000000e+00
0.000000000000000000e+00
0.000000000000000000e+00
0.000000000000000000e+00
0.000000000000000000e+00
0.000000000000000000e+00
0.000000000000000000e+00
0.000000000000000000e+00
0.000000000000000000e+00
0.000000000000000000e+00
0.000000000000000000e+00
0.000000000000000000e+00
0.000000000000000000e+00
0.000000000000000000e+00
0.000000000000000000e+00
0.000000000000000000e+00
0.000000000000000000e+00
0.000000000000000000e+00
0.000000000000000000e+00
0.000000000000000000e+00
0.000000000000000000e+00
0.000000000000000000e+00
0.000000000000000000e+00
0.000000000000000000e+00
0.000000000000000000e+00
0.000000000000000000e+00
0.000000000000000000e+00
0.000000000000000000e+00
0.000000000000000000e+00
0.000000000000000000e+00
0.000000000000000000e+00
0.000000000000000000e+00
0.000000000000000000e+00
0.000000000000000000e+00
0.000000000000000000e+00
0.000000000000000000e+00
0.000000000000000000e+00
0.000000000000000000e+00
0.000000000000000000e+00
0.000000000000000000e+00
0.000000000000000000e+00
0.000000000000000000e+00
0.000000000000000000e+00
0.000000000000000000e+00
0.000000000000000000e+00
0.000000000000000000e+00
0.000000000000000000e+00
0.000000000000000000e+00
0.000000000000000000e+00
0.000000000000000000e+00
0.000000000000000000e+00
0.000000000000000000e+00
0.000000000000000000e+00
0.000000000000000000e+00
0.000000000000000000e+00
0.000000000000000000e+00
0.000000000000000000e+00
0.000000000000000000e+00
0.000000000000000000e+00
0.000000000000000000e+00
0.000000000000000000e+00
0.000000000000000000e+00
0.000000000000000000e+00
0.000000000000000000e+00
0.000000000000000000e+00
0.000000000000000000e+00
0.000000000000000000e+00
0.000000000000000000e+00
0.000000000000000000e+00
0.000000000000000000e+00
0.000000000000000000e+00
0.000000000000000000e+00
0.000000000000000000e+00
0.000000000000000000e+00
0.000000000000000000e+00
0.000000000000000000e+00
0.000000000000000000e+00
0.000000000000000000e+00
0.000000000000000000e+00
0.000000000000000000e+00
0.000000000000000000e+00
0.000000000000000000e+00
0.000000000000000000e+00
0.000000000000000000e+00
0.000000000000000000e+00
0.000000000000000000e+00
0.000000000000000000e+00
0.000000000000000000e+00
0.000000000000000000e+00
0.000000000000000000e+00
0.000000000000000000e+00
0.000000000000000000e+00
0.000000000000000000e+00
0.000000000000000000e+00
0.000000000000000000e+00
0.000000000000000000e+00
0.000000000000000000e+00
0.000000000000000000e+00
0.000000000000000000e+00
0.000000000000000000e+00
0.000000000000000000e+00
0.000000000000000000e+00
0.000000000000000000e+00
0.000000000000000000e+00
0.000000000000000000e+00
0.000000000000000000e+00
0.000000000000000000e+00
0.000000000000000000e+00
0.000000000000000000e+00
0.000000000000000000e+00
0.000000000000000000e+00
0.000000000000000000e+00
0.000000000000000000e+00
0.000000000000000000e+00
0.000000000000000000e+00
0.000000000000000000e+00
0.000000000000000000e+00
0.000000000000000000e+00
0.000000000000000000e+00
0.000000000000000000e+00
0.000000000000000000e+00
0.000000000000000000e+00
0.000000000000000000e+00
0.000000000000000000e+00
0.000000000000000000e+00
0.000000000000000000e+00
0.000000000000000000e+00
0.000000000000000000e+00
0.000000000000000000e+00
0.000000000000000000e+00
0.000000000000000000e+00
0.000000000000000000e+00
0.000000000000000000e+00
0.000000000000000000e+00
0.000000000000000000e+00
0.000000000000000000e+00
0.000000000000000000e+00
0.000000000000000000e+00
0.000000000000000000e+00
0.000000000000000000e+00
0.000000000000000000e+00
0.000000000000000000e+00
0.000000000000000000e+00
0.000000000000000000e+00
0.000000000000000000e+00
0.000000000000000000e+00
0.000000000000000000e+00
0.000000000000000000e+00
0.000000000000000000e+00
0.000000000000000000e+00
0.000000000000000000e+00
0.000000000000000000e+00
0.000000000000000000e+00
0.000000000000000000e+00
0.000000000000000000e+00
0.000000000000000000e+00
0.000000000000000000e+00
0.000000000000000000e+00
0.000000000000000000e+00
0.000000000000000000e+00
0.000000000000000000e+00
0.000000000000000000e+00
0.000000000000000000e+00
0.000000000000000000e+00
0.000000000000000000e+00
0.000000000000000000e+00
0.000000000000000000e+00
0.000000000000000000e+00
0.000000000000000000e+00
0.000000000000000000e+00
0.000000000000000000e+00
0.000000000000000000e+00
0.000000000000000000e+00
0.000000000000000000e+00
0.000000000000000000e+00
0.000000000000000000e+00
0.000000000000000000e+00
0.000000000000000000e+00
0.000000000000000000e+00
0.000000000000000000e+00
0.000000000000000000e+00
0.000000000000000000e+00
0.000000000000000000e+00
0.000000000000000000e+00
0.000000000000000000e+00
0.000000000000000000e+00
0.000000000000000000e+00
0.000000000000000000e+00
0.000000000000000000e+00
0.000000000000000000e+00
0.000000000000000000e+00
0.000000000000000000e+00
0.000000000000000000e+00
0.000000000000000000e+00
0.000000000000000000e+00
0.000000000000000000e+00
0.000000000000000000e+00
0.000000000000000000e+00
0.000000000000000000e+00
0.000000000000000000e+00
0.000000000000000000e+00
0.000000000000000000e+00
0.000000000000000000e+00
0.000000000000000000e+00
0.000000000000000000e+00
0.000000000000000000e+00
0.000000000000000000e+00
0.000000000000000000e+00
0.000000000000000000e+00
0.000000000000000000e+00
0.000000000000000000e+00
0.000000000000000000e+00
0.000000000000000000e+00
0.000000000000000000e+00
0.000000000000000000e+00
0.000000000000000000e+00
0.000000000000000000e+00
0.000000000000000000e+00
0.000000000000000000e+00
0.000000000000000000e+00
0.000000000000000000e+00
0.000000000000000000e+00
0.000000000000000000e+00
0.000000000000000000e+00
0.000000000000000000e+00
0.000000000000000000e+00
0.000000000000000000e+00
0.000000000000000000e+00
0.000000000000000000e+00
0.000000000000000000e+00
0.000000000000000000e+00
0.000000000000000000e+00
0.000000000000000000e+00
0.000000000000000000e+00
0.000000000000000000e+00
0.000000000000000000e+00
0.000000000000000000e+00
0.000000000000000000e+00
0.000000000000000000e+00
0.000000000000000000e+00
0.000000000000000000e+00
0.000000000000000000e+00
0.000000000000000000e+00
0.000000000000000000e+00
0.000000000000000000e+00
0.000000000000000000e+00
0.000000000000000000e+00
0.000000000000000000e+00
0.000000000000000000e+00
0.000000000000000000e+00
0.000000000000000000e+00
0.000000000000000000e+00
0.000000000000000000e+00
0.000000000000000000e+00
0.000000000000000000e+00
0.000000000000000000e+00
0.000000000000000000e+00
0.000000000000000000e+00
0.000000000000000000e+00
0.000000000000000000e+00
0.000000000000000000e+00
0.000000000000000000e+00
0.000000000000000000e+00
0.000000000000000000e+00
0.000000000000000000e+00
0.000000000000000000e+00
0.000000000000000000e+00
