3.740780293941497803e+00
3.433457583189010620e+00
3.001728057861328125e+00
3.112240582704544067e+00
2.702587962150573730e+00
2.930031985044479370e+00
3.112344041466712952e+00
3.263626903295516968e+00
2.680755257606506348e+00
2.494148880243301392e+00
2.039695322513580322e+00
2.016891717910766602e+00
2.070926010608673096e+00
2.619209736585617065e+00
2.387030214071273804e+00
1.642935402691364288e+00
1.100014433264732361e+00
4.846380591392517090e+00
2.402777969837188721e+00
2.027312636375427246e+00
1.630727767944335938e+00
1.224312126636505127e+00
1.513036817312240601e+00
1.946468546986579895e+00
7.969871759414672852e-01
3.458731055259704590e+00
9.596932232379913330e-01
6.913203671574592590e-01
6.071990504860877991e-01
6.337605044245719910e-01
4.687584079802036285e-01
5.226651955395936966e+00
2.063600130379199982e+00
2.491345047950744629e+00
1.450119659304618835e+00
1.178053475916385651e+00
1.058892384171485901e+00
1.354650437831878662e+00
3.036486968398094177e+00
1.342239469289779663e+00
7.950406670570373535e-01
5.581536293029785156e+00
2.212269693613052368e+00
1.720508635044097900e+00
1.283422358334064484e+00
8.101520016789436340e-01
5.724950879812240601e-01
1.191541835665702820e+00
5.275985077023506165e-01
4.938198119401931763e+00
9.106538593769073486e-01
6.949736326932907104e-01
4.714623019099235535e-01
5.002553239464759827e-01
4.565356671810150146e-01
6.124302148818969727e-01
5.733389817178249359e-01
8.978947162628173828e+00
2.684915810823440552e+00
1.676540791988372803e+00
1.542217478156089783e+00
1.548706114292144775e+00
1.424216046929359436e+00
1.432487696409225464e+00
1.393670424818992615e+00
1.952112212777137756e+00
1.809200763702392578e+00
1.470535129308700562e+00
1.934542819857597351e+00
1.356077671051025391e+00
1.317289903759956360e+00
2.161137968301773071e+00
1.332017913460731506e+00
1.362169474363327026e+00
1.328115664422512054e+00
1.263006448745727539e+00
1.272240787744522095e+00
1.137204065918922424e+00
1.356548391282558441e+00
1.701996490359306335e+00
2.136248081922531128e+00
2.662203311920166016e+00
1.649784848093986511e+00
1.643333271145820618e+00
1.515482753515243530e+00
1.449374541640281677e+00
1.499510183930397034e+00
1.495138905942440033e+00
1.415566623210906982e+00
2.186016499996185303e+00
2.090249493718147278e+00
2.218198299407958984e+00
2.528019160032272339e+00
1.934537678956985474e+00
1.613906964659690857e+00
1.674227371811866760e+00
1.563908398151397705e+00
2.469017118215560913e+00
1.477112635970115662e+00
1.878582686185836792e+00
1.033600118011236191e+00
1.566198840737342834e+00
9.013329371809959412e-01
2.837188266217708588e+00
3.038163769990205765e+00
3.492923259735107422e+00
1.971276819705963135e+00
1.714725866913795471e+00
1.346183300018310547e+00
1.691368937492370605e+00
1.594950377941131592e+00
1.591824330389499664e+00
1.091253317892551422e+00
2.307231724262237549e+00
1.548385359346866608e+00
1.217569991946220398e+00
1.275183722376823425e+00
1.088460490107536316e+00
9.857178926467895508e-01
1.458545058965682983e+00
1.342402100563049316e+00
1.435368299484252930e+00
1.293265908956527710e+00
1.285860270261764526e+00
1.266416348516941071e+00
1.248657524585723877e+00
1.301429182291030884e+00
1.243480563163757324e+00
1.287103183567523956e+00
1.340496763586997986e+00
1.250578880310058594e+00
1.266088917851448059e+00
1.195380434393882751e+00
1.257349252700805664e+00
1.179401621222496033e+00
1.266584374010562897e+00
1.128205195069313049e+00
1.097628951072692871e+00
9.134016484022140503e-01
7.449346482753753662e-01
3.735928870737552643e-01
3.348388932645320892e-01
3.216349855065345764e-01
3.196190595626831055e-01
3.231296204030513763e-01
3.140992745757102966e-01
2.986559420824050903e-01
3.002672120928764343e-01
2.914131581783294678e-01
2.987603805959224701e-01
2.932771556079387665e-01
3.002748824656009674e-01
2.978234365582466125e-01
2.932194136083126068e-01
2.826101370155811310e-01
2.805878333747386932e-01
2.785686515271663666e-01
2.781596854329109192e-01
2.764604166150093079e-01
2.752851471304893494e-01
5.713593661785125732e-01
5.754413306713104248e-01
5.677655860781669617e-01
5.704346075654029846e-01
5.650400966405868530e-01
5.636139065027236938e-01
5.634640380740165710e-01
5.623649284243583679e-01
5.654684677720069885e-01
5.608725696802139282e-01
5.591302737593650818e-01
5.590410530567169189e-01
5.569967851042747498e-01
5.587029829621315002e-01
5.565969496965408325e-01
5.583990961313247681e-01
5.587081834673881531e-01
5.545937418937683105e-01
5.535543039441108704e-01
5.531132742762565613e-01
2.635275758802890778e-01
2.638805173337459564e-01
2.628903016448020935e-01
2.621948421001434326e-01
2.635932974517345428e-01
2.637752778828144073e-01
2.618749178946018219e-01
2.628715410828590393e-01
2.609241344034671783e-01
2.605942338705062866e-01
2.606123797595500946e-01
2.597460374236106873e-01
2.616274878382682800e-01
2.593334987759590149e-01
2.591122388839721680e-01
2.589392513036727905e-01
2.579271681606769562e-01
2.590942643582820892e-01
2.579814009368419647e-01
2.588386684656143188e-01
5.528657361865043640e-01
5.505866929888725281e-01
5.502031072974205017e-01
5.500057861208915710e-01
5.489876270294189453e-01
5.490334853529930115e-01
5.482658147811889648e-01
5.475723817944526672e-01
5.483110323548316956e-01
5.478087961673736572e-01
5.467930138111114502e-01
5.471731126308441162e-01
5.458419993519783020e-01
5.454625114798545837e-01
5.452509671449661255e-01
5.443305373191833496e-01
5.453621745109558105e-01
5.436872541904449463e-01
5.434656292200088501e-01
5.430883318185806274e-01
2.483622804284095764e-01
2.490872107446193695e-01
2.483488060534000397e-01
2.488358169794082642e-01
2.492230981588363647e-01
2.477755285799503326e-01
2.477366961538791656e-01
2.477739043533802032e-01
2.471652589738368988e-01
2.474007718265056610e-01
2.470018230378627777e-01
2.466357536613941193e-01
2.473531216382980347e-01
2.469948492944240570e-01
2.465543933212757111e-01
2.469833381474018097e-01
2.462127730250358582e-01
2.461361587047576904e-01
2.461223639547824860e-01
2.455505952239036560e-01
5.330183804035186768e-01
5.317588075995445251e-01
5.315620824694633484e-01
5.312513113021850586e-01
5.305094197392463684e-01
5.308249294757843018e-01
5.300508290529251099e-01
5.301362052559852600e-01
5.302448645234107971e-01
5.289569273591041565e-01
5.287222191691398621e-01
5.285579264163970947e-01
5.278291478753089905e-01
5.278407111763954163e-01
5.272796973586082458e-01
5.267600566148757935e-01
5.271018221974372864e-01
5.265375897288322449e-01
5.260248333215713501e-01
5.261500179767608643e-01
2.347693815827369690e-01
2.347251810133457184e-01
2.347062826156616211e-01
2.342281229794025421e-01
2.349272146821022034e-01
2.341209761798381805e-01
2.341468222439289093e-01
2.340827658772468567e-01
2.336434386670589447e-01
2.340666949748992920e-01
2.336167953908443451e-01
2.338229641318321228e-01
2.340892218053340912e-01
2.332542240619659424e-01
2.332551926374435425e-01
2.332913018763065338e-01
2.328569442033767700e-01
2.330351136624813080e-01
2.327739968895912170e-01
2.325095757842063904e-01
5.211933329701423645e-01
5.206578075885772705e-01
5.202200710773468018e-01
5.202862769365310669e-01
5.195745006203651428e-01
5.193282067775726318e-01
5.190832838416099548e-01
5.184431746602058411e-01
5.187919810414314270e-01
5.179176107048988342e-01
5.177168771624565125e-01
5.174526795744895935e-01
5.168373286724090576e-01
5.169801190495491028e-01
5.163799524307250977e-01
5.163073912262916565e-01
5.163447186350822449e-01
5.153994262218475342e-01
5.151868835091590881e-01
5.150010064244270325e-01
2.250194996595382690e-01
2.251869179308414459e-01
2.249536290764808655e-01
2.247182689607143402e-01
2.250970825552940369e-01
2.248107530176639557e-01
2.246352285146713257e-01
2.248804792761802673e-01
2.244559824466705322e-01
2.244389802217483521e-01
2.244107164442539215e-01
2.240343131124973297e-01
2.245066575706005096e-01
2.239550836384296417e-01
2.239710055291652679e-01
2.239347286522388458e-01
2.235910929739475250e-01
2.238866686820983887e-01
2.235545814037322998e-01
2.236613854765892029e-01
5.044392198324203491e-01
5.036333352327346802e-01
5.034241974353790283e-01
5.032322853803634644e-01
5.026708990335464478e-01
5.025997161865234375e-01
5.021845996379852295e-01
5.017551928758621216e-01
5.018670409917831421e-01
5.013883337378501892e-01
5.010257214307785034e-01
5.010289698839187622e-01
5.004379749298095703e-01
5.002125203609466553e-01
4.999671950936317444e-01
4.994114935398101807e-01
4.996072947978973389e-01
4.989090263843536377e-01
4.987079054117202759e-01
4.984647557139396667e-01
2.172499671578407288e-01
2.175185717642307281e-01
2.172219231724739075e-01
2.173043899238109589e-01
2.175007052719593048e-01
2.169566936790943146e-01
2.169635519385337830e-01
2.169767245650291443e-01
2.166590578854084015e-01
2.168099805712699890e-01
2.166030257940292358e-01
2.164041213691234589e-01
2.166913598775863647e-01
2.164418995380401611e-01
2.163113839924335480e-01
2.165040671825408936e-01
2.161625511944293976e-01
2.161544002592563629e-01
2.161239385604858398e-01
2.158009149134159088e-01
4.913978949189186096e-01
4.907685890793800354e-01
4.905651435256004333e-01
4.903318285942077637e-01
4.898298531770706177e-01
4.898497462272644043e-01
4.893708527088165283e-01
4.892248958349227905e-01
4.891922250390052795e-01
4.884963110089302063e-01
4.882904440164566040e-01
4.880969002842903137e-01
4.875881671905517578e-01
4.875094145536422729e-01
4.871184453368186951e-01
4.867220073938369751e-01
4.867691248655319214e-01
4.863276928663253784e-01
4.860008731484413147e-01
4.859686493873596191e-01
2.066978290677070618e-01
2.066946476697921753e-01
2.066621780395507812e-01
2.063678428530693054e-01
2.066865228116512299e-01
2.063020877540111542e-01
2.063080966472625732e-01
2.062877267599105835e-01
2.060162983834743500e-01
2.062230110168457031e-01
2.059752233326435089e-01
2.060255184769630432e-01
2.061863690614700317e-01
2.057454884052276611e-01
2.057484909892082214e-01
2.057595923542976379e-01
2.054820433259010315e-01
2.056089937686920166e-01
2.054342441260814667e-01
2.052584886550903320e-01
4.821483120322227478e-01
4.817218631505966187e-01
4.814060851931571960e-01
4.813588112592697144e-01
4.808577075600624084e-01
4.806455597281455994e-01
4.804017022252082825e-01
4.799176529049873352e-01
4.799958765506744385e-01
4.794332981109619141e-01
4.792284816503524780e-01
4.790002629160881042e-01
4.785342141985893250e-01
4.785145223140716553e-01
4.780726432800292969e-01
4.779050871729850769e-01
4.778442755341529846e-01
4.772271290421485901e-01
4.770210757851600647e-01
4.768205806612968445e-01
1.989890225231647491e-01
1.991121061146259308e-01
1.989460438489913940e-01
1.987793929874897003e-01
1.989904902875423431e-01
1.987870857119560242e-01
1.986891254782676697e-01
1.988400891423225403e-01
1.985655948519706726e-01
1.985642164945602417e-01
1.985311955213546753e-01
1.982685327529907227e-01
1.985308527946472168e-01
1.982061527669429779e-01
1.982089504599571228e-01
1.981905773282051086e-01
1.979416050016880035e-01
1.981231421232223511e-01
1.979056969285011292e-01
1.979361400008201599e-01
4.696493223309516907e-01
4.690667316317558289e-01
4.688648581504821777e-01
4.686637446284294128e-01
4.682086706161499023e-01
4.681174606084823608e-01
4.677561298012733459e-01
4.673915803432464600e-01
4.673839658498764038e-01
4.669821858406066895e-01
4.666848555207252502e-01
4.666223153471946716e-01
4.661568701267242432e-01
4.659519493579864502e-01
4.657127037644386292e-01
4.652591347694396973e-01
4.652979001402854919e-01
4.647873491048812866e-01
4.645843356847763062e-01
4.643612280488014221e-01
1.924650035798549652e-01
1.926277391612529755e-01
1.924224719405174255e-01
1.924495361745357513e-01
1.925765685737133026e-01
1.922227218747138977e-01
1.922270618379116058e-01
1.922284178435802460e-01
1.919884942471981049e-01
1.920970119535923004e-01
1.919480748474597931e-01
1.917938590049743652e-01
1.919739358127117157e-01
1.917896680533885956e-01
1.917025148868560791e-01
1.918348185718059540e-01
1.915871202945709229e-01
1.915873996913433075e-01
1.915554255247116089e-01
1.913114637136459351e-01
4.589928463101387024e-01
4.585098922252655029e-01
4.583085700869560242e-01
4.580905213952064514e-01
4.576654285192489624e-01
4.576180204749107361e-01
4.572195559740066528e-01
4.570397734642028809e-01
4.569602310657501221e-01
4.564228057861328125e-01
4.562251791357994080e-01
4.560248553752899170e-01
4.555923268198966980e-01
4.554900452494621277e-01
4.551520869135856628e-01
4.548018723726272583e-01
4.547713175415992737e-01
4.543919265270233154e-01
4.541083127260208130e-01
4.540347084403038025e-01
1.839080639183521271e-01
1.839111633598804474e-01
1.838785521686077118e-01
1.836471669375896454e-01
1.838596649467945099e-01
1.835921294987201691e-01
1.835937798023223877e-01
1.835784576833248138e-01
1.833642013370990753e-01
1.835096552968025208e-01
1.833229288458824158e-01
1.833410672843456268e-01
1.834558025002479553e-01
1.831386648118495941e-01
1.831428185105323792e-01
1.831414736807346344e-01
1.829201914370059967e-01
1.830177716910839081e-01
1.828844100236892700e-01
1.827403418719768524e-01
4.507847651839256287e-01
4.504161775112152100e-01
4.501365423202514648e-01
4.500569999217987061e-01
4.496284723281860352e-01
4.494303837418556213e-01
4.491967037320137024e-01
4.487744718790054321e-01
4.487740471959114075e-01
4.483177810907363892e-01
4.481184929609298706e-01
4.479027763009071350e-01
4.474943876266479492e-01
4.474334195256233215e-01
4.470522925257682800e-01
4.468683153390884399e-01
4.467769339680671692e-01
4.462722092866897583e-01
4.460761547088623047e-01
4.458749666810035706e-01
1.772909313440322876e-01
1.773839667439460754e-01
1.772589683532714844e-01
1.771192662417888641e-01
1.772706881165504456e-01
1.771089583635330200e-01
1.770347431302070618e-01
1.771512180566787720e-01
1.769311726093292236e-01
1.769349947571754456e-01
1.769033186137676239e-01
1.766865812242031097e-01
1.768783703446388245e-01
1.766340248286724091e-01
1.766353249549865723e-01
1.766200959682464600e-01
1.764146611094474792e-01
1.765530146658420563e-01
1.763802058994770050e-01
1.763915345072746277e-01
4.406211674213409424e-01
4.401334747672080994e-01
4.399397000670433044e-01
4.397379234433174133e-01
4.393347054719924927e-01
4.392295554280281067e-01
4.389077946543693542e-01
4.385747984051704407e-01
4.385226741433143616e-01
4.381678029894828796e-01
4.378988891839981079e-01
4.378144368529319763e-01
4.374034553766250610e-01
4.372109919786453247e-01
4.369815960526466370e-01
4.365754872560501099e-01
4.365613460540771484e-01
4.361289516091346741e-01
4.359333887696266174e-01
4.357223659753799438e-01
1.715286299586296082e-01
1.716618649661540985e-01
1.714938171207904816e-01
1.715054661035537720e-01
1.716051772236824036e-01
1.713256873190402985e-01
1.713309399783611298e-01
1.713246814906597137e-01
1.711246296763420105e-01
1.712148934602737427e-01
1.710943393409252167e-01
1.709614880383014679e-01
1.710971295833587646e-01
1.709476821124553680e-01
1.708786822855472565e-01
1.709863543510437012e-01
1.707792431116104126e-01
1.707838065922260284e-01
1.707528382539749146e-01
1.705470196902751923e-01
4.314082711935043335e-01
4.309889525175094604e-01
4.307961016893386841e-01
4.305876195430755615e-01
4.302031472325325012e-01
4.301325529813766479e-01
4.297758191823959351e-01
4.295912757515907288e-01
4.294944480061531067e-01
4.290295019745826721e-01
4.288402497768402100e-01
4.286425113677978516e-01
4.282511398196220398e-01
4.281448647379875183e-01
4.278345778584480286e-01
4.275111258029937744e-01
4.274520426988601685e-01
4.271083399653434753e-01
4.268483370542526245e-01
4.267607405781745911e-01
1.642831601202487946e-01
1.642899140715599060e-01
1.642605066299438477e-01
1.640609987080097198e-01
1.642314456403255463e-01
1.640134416520595551e-01
1.640152446925640106e-01
1.640023179352283478e-01
1.638174876570701599e-01
1.639384068548679352e-01
1.637806966900825500e-01
1.637893468141555786e-01
1.638828329741954803e-01
1.636225841939449310e-01
1.636284664273262024e-01
1.636228039860725403e-01
1.634320989251136780e-01
1.635176651179790497e-01
1.634053178131580353e-01
1.632784120738506317e-01
4.239550903439521790e-01
4.236201196908950806e-01
4.233626648783683777e-01
4.232718348503112793e-01
4.228822812438011169e-01
4.226955473423004150e-01
4.224727302789688110e-01
4.220855161547660828e-01
4.220558926463127136e-01
4.216521605849266052e-01
4.214620515704154968e-01
4.212550744414329529e-01
4.208810850977897644e-01
4.208054542541503906e-01
4.204590842127799988e-01
4.202746376395225525e-01
4.201731830835342407e-01
4.197257831692695618e-01
4.195392206311225891e-01
4.193417727947235107e-01
1.584583483636379242e-01
1.585401594638824463e-01
1.584350913763046265e-01
1.583108156919479370e-01
1.584325134754180908e-01
1.582974418997764587e-01
1.582361161708831787e-01
1.583362855017185211e-01
1.581444665789604187e-01
1.581518445163965225e-01
1.581242494285106659e-01
1.579312905669212341e-01
1.580904684960842133e-01
1.578875891864299774e-01
1.578910406678915024e-01
1.578774638473987579e-01
1.577003374695777893e-01
1.578147541731595993e-01
1.576656065881252289e-01
1.576716043055057526e-01
4.153324216604232788e-01
4.148953258991241455e-01
4.147104993462562561e-01
4.145133197307586670e-01
4.141411781311035156e-01
4.140334501862525940e-01
4.137369170784950256e-01
4.134245961904525757e-01
4.133547395467758179e-01
4.130295962095260620e-01
4.127791821956634521e-01
4.126876220107078552e-01
4.123091101646423340e-01
4.121269285678863525e-01
4.119087085127830505e-01
4.115307480096817017e-01
4.114976599812507629e-01
4.111068323254585266e-01
4.109202921390533447e-01
4.107180088758468628e-01
1.533076893538236618e-01
1.534212529659271240e-01
1.532747577875852585e-01
1.532820891588926315e-01
1.533681545406579971e-01
1.531282030045986176e-01
1.531354598701000214e-01
1.531278807669878006e-01
1.529498808085918427e-01
1.530316602438688278e-01
1.529282573610544205e-01
1.528079416602849960e-01
1.529224719852209091e-01
1.527941226959228516e-01
1.527358293533325195e-01
1.528316698968410492e-01
1.526474747806787491e-01
1.526553221046924591e-01
1.526290979236364365e-01
1.524429284036159515e-01
4.071586951613426208e-01
4.067780226469039917e-01
4.065943211317062378e-01
4.063939303159713745e-01
4.060353189706802368e-01
4.059574156999588013e-01
4.056271016597747803e-01
4.054451882839202881e-01
4.053424447774887085e-01
4.049201458692550659e-01
4.047396257519721985e-01
4.045466408133506775e-01
4.041829258203506470e-01
4.040760323405265808e-01
4.037876054644584656e-01
4.034827724099159241e-01
4.034126475453376770e-01
4.030932933092117310e-01
4.028494134545326233e-01
4.027585908770561218e-01
1.470146682113409042e-01
1.470246892422437668e-01
1.469997316598892212e-01
1.468172594904899597e-01
1.469658743590116501e-01
1.467781048268079758e-01
1.467832233756780624e-01
1.467715539038181305e-01
1.466040890663862228e-01
1.467123683542013168e-01
1.465738993138074875e-01
1.465791184455156326e-01
1.466618049889802933e-01
1.464341096580028534e-01
1.464421320706605911e-01
1.464347485452890396e-01
1.462634783238172531e-01
1.463429871946573257e-01
1.462451629340648651e-01
1.461284141987562180e-01
4.003315195441246033e-01
4.000212997198104858e-01
3.997790142893791199e-01
3.996859863400459290e-01
3.993214070796966553e-01
3.991447091102600098e-01
3.989329934120178223e-01
3.985681459307670593e-01
3.985266014933586121e-01
3.981558680534362793e-01
3.979750052094459534e-01
3.977770060300827026e-01
3.974253758788108826e-01
3.973459526896476746e-01
3.970229923725128174e-01
3.968427181243896484e-01
3.967384845018386841e-01
3.963268026709556580e-01
3.961495831608772278e-01
3.959590494632720947e-01
1.418147198855876923e-01
1.418950781226158142e-01
1.417993810027837753e-01
1.416854560375213623e-01
1.417955979704856873e-01
1.416727285832166672e-01
1.416198313236236572e-01
1.417126227170228958e-01
1.415379457175731659e-01
1.415483728051185608e-01
1.415252517908811569e-01
1.413476224988698959e-01
1.414899509400129318e-01
1.413111276924610138e-01
1.413171440362930298e-01
1.413054540753364563e-01
1.411433257162570953e-01
1.412485539913177490e-01
1.411148868501186371e-01
1.411189734935760498e-01
3.927609622478485107e-01
3.923571333289146423e-01
3.921812996268272400e-01
3.919890895485877991e-01
3.916396051645278931e-01
3.915335163474082947e-01
3.912556543946266174e-01
3.909585922956466675e-01
3.908817991614341736e-01
3.905780091881752014e-01
3.903420269489288330e-01
3.902499526739120483e-01
3.898932337760925293e-01
3.897204473614692688e-01
3.895126283168792725e-01
3.891551792621612549e-01
3.891120105981826782e-01
3.887506946921348572e-01
3.885738402605056763e-01
3.883790746331214905e-01
1.371835414320230484e-01
1.372889876365661621e-01
1.371566597372293472e-01
1.371623426675796509e-01
1.372413728386163712e-01
1.370257660746574402e-01
1.370356753468513489e-01
1.370279751718044281e-01
1.368645057082176208e-01
1.369426064193248749e-01
1.368508934974670410e-01
1.367394328117370605e-01
1.368430741131305695e-01
1.367274913936853409e-01
1.366767883300781250e-01
1.367666311562061310e-01
1.365970857441425323e-01
1.366077661514282227e-01
1.365865040570497513e-01
1.364130172878503799e-01
3.854059204459190369e-01
3.850525990128517151e-01
3.848777338862419128e-01
3.846844285726547241e-01
3.843451589345932007e-01
3.842662200331687927e-01
3.839550837874412537e-01
3.837784603238105774e-01
3.836752250790596008e-01
3.832816556096076965e-01
3.831094577908515930e-01
3.829231113195419312e-01
3.825776800513267517e-01
3.824740573763847351e-01
3.822023496031761169e-01
3.819118663668632507e-01
3.818374574184417725e-01
3.815367221832275391e-01
3.813064917922019958e-01
3.812156766653060913e-01
1.316452343016862869e-01
1.316582579165697098e-01
1.316374409943819046e-01
1.314670275896787643e-01
1.316033750772476196e-01
1.314342990517616272e-01
1.314419992268085480e-01
1.314319949597120285e-01
1.312765460461378098e-01
1.313795465975999832e-01
1.312523521482944489e-01
1.312571913003921509e-01
1.313342358916997910e-01
1.311268974095582962e-01
1.311377361416816711e-01
1.311302576214075089e-01
1.309715639799833298e-01
1.310485638678073883e-01
1.309606488794088364e-01
1.308515369892120361e-01
3.791281953454017639e-01
3.788302689790725708e-01
3.786012455821037292e-01
3.785093948245048523e-01
3.781636580824851990e-01
3.779957443475723267e-01
3.777941241860389709e-01
3.774464577436447144e-01
3.774002715945243835e-01
3.770525977015495300e-01
3.768813833594322205e-01
3.766901865601539612e-01
3.763536140322685242e-01
3.762779384851455688e-01
3.759726285934448242e-01
3.757977262139320374e-01
3.756945505738258362e-01
3.753084391355514526e-01
3.751395866274833679e-01
3.749551400542259216e-01
1.269734241068363190e-01
1.270514614880084991e-01
1.269654408097267151e-01
1.268584020435810089e-01
1.269651670008897781e-01
1.268478315323591232e-01
1.268015000969171524e-01
1.268902961164712906e-01
1.267269514501094818e-01
1.267403196543455124e-01
1.267212014645338058e-01
1.265547648072242737e-01
1.266872156411409378e-01
1.265235133469104767e-01
1.265326179563999176e-01
1.265227030962705612e-01
1.263709086924791336e-01
1.264712661504745483e-01
1.263484768569469452e-01
1.263528652489185333e-01
3.723782375454902649e-01
3.719981908798217773e-01
3.718303516507148743e-01
3.716464191675186157e-01
3.713113814592361450e-01
3.712095543742179871e-01
3.709461018443107605e-01
3.706618472933769226e-01
3.705842345952987671e-01
3.702958598732948303e-01
3.700713291764259338e-01
3.699815273284912109e-01
3.696411028504371643e-01
3.694767281413078308e-01
3.692790120840072632e-01
3.689371272921562195e-01
3.688907697796821594e-01
3.685499504208564758e-01
3.683821335434913635e-01
3.681944459676742554e-01
1.227959226816892624e-01
1.228973567485809326e-01
1.227750778198242188e-01
1.227813661098480225e-01
1.228562481701374054e-01
1.226568557322025299e-01
1.226693335920572281e-01
1.226622555404901505e-01
1.225085593760013580e-01
1.225855611264705658e-01
1.225020363926887512e-01
1.223964486271142960e-01
1.224983036518096924e-01
1.223875563591718674e-01
1.223428100347518921e-01
1.224299147725105286e-01
1.222702339291572571e-01
1.222842000424861908e-01
1.222661305218935013e-01
1.221011374145746231e-01
3.656870797276496887e-01
3.653536140918731689e-01
3.651875704526901245e-01
3.650010973215103149e-01
3.646760284900665283e-01
3.645993247628211975e-01
3.643031716346740723e-01
3.641323298215866089e-01
3.640309795737266541e-01
3.636580854654312134e-01
3.634942919015884399e-01
3.633138760924339294e-01
3.629839569330215454e-01
3.628843948245048523e-01
3.626263290643692017e-01
3.623467683792114258e-01
3.622710779309272766e-01
3.619868382811546326e-01
3.617675900459289551e-01
3.616790696978569031e-01
1.178697608411312103e-01
1.178852263838052750e-01
1.178681850433349609e-01
1.177067626267671585e-01
1.178357917815446854e-01
1.176783405244350433e-01
1.176895927637815475e-01
1.176807880401611328e-01
1.175336539745330811e-01
1.176335494965314865e-01
1.175147760659456253e-01
1.175204906612634659e-01
1.175942830741405487e-01
1.174007877707481384e-01
1.174141373485326767e-01
1.174086853861808777e-01
1.172576025128364563e-01
1.173337157815694809e-01
1.172532476484775543e-01
1.171498056501150131e-01
0.000000000000000000e+00
0.000000000000000000e+00
0.000000000000000000e+00
0.000000000000000000e+00
0.000000000000000000e+00
0.000000000000000000e+00
0.000000000000000000e+00
0.000000000000000000e+00
0.000000000000000000e+00
0.000000000000000000e+00
0.000000000000000000e+00
0.000000000000000000e+00
0.000000000000000000e+00
0.000000000000000000e+00
0.000000000000000000e+00
0.000000000000000000e+00
0.000000000000000000e+00
0.000000000000000000e+00
0.000000000000000000e+00
0.000000000000000000e+00
0.000000000000000000e+00
0.000000000000000000e+00
0.000000000000000000e+00
0.000000000000000000e+00
0.000000000000000000e+00
0.000000000000000000e+00
0.000000000000000000e+00
0.000000000000000000e+00
0.000000000000000000e+00
0.000000000000000000e+00
0.000000000000000000e+00
0.000000000000000000e+00
0.000000000000000000e+00
0.000000000000000000e+00
0.000000000000000000e+00
0.000000000000000000e+00
0.000000000000000000e+00
0.000000000000000000e+00
0.000000000000000000e+00
0.000000000000000000e+00
0.000000000000000000e+00
0.000000000000000000e+00
0.000000000000000000e+00
0.000000000000000000e+00
0.000000000000000000e+00
0.000000000000000000e+00
0.000000000000000000e+00
0.000000000000000000e+00
0.000000000000000000e+00
0.000000000000000000e+00
0.000000000000000000e+00
0.000000000000000000e+00
0.000000000000000000e+00
0.000000000000000000e+00
0.000000000000000000e+00
0.000000000000000000e+00
0.000000000000000000e+00
0.000000000000000000e+00
0.000000000000000000e+00
0.000000000000000000e+00
0.000000000000000000e+00
0.000000000000000000e+00
0.000000000000000000e+00
0.000000000000000000e+00
0.000000000000000000e+00
0.000000000000000000e+00
0.000000000000000000e+00
0.000000000000000000e+00
0.000000000000000000e+00
0.000000000000000000e+00
0.000000000000000000e+00
0.000000000000000000e+00
0.000000000000000000e+00
0.000000000000000000e+00
0.000000000000000000e+00
0.000000000000000000e+00
0.000000000000000000e+00
0.000000000000000000e+00
0.000000000000000000e+00
0.000000000000000000e+00
0.000000000000000000e+00
0.000000000000000000e+00
0.000000000000000000e+00
0.000000000000000000e+00
0.000000000000000000e+00
0.000000000000000000e+00
0.000000000000000000e+00
0.000000000000000000e+00
0.000000000000000000e+00
0.000000000000000000e+00
0.000000000000000000e+00
0.000000000000000000e+00
0.000000000000000000e+00
0.000000000000000000e+00
0.000000000000000000e+00
0.000000000000000000e+00
0.000000000000000000e+00
0.000000000000000000e+00
0.000000000000000000e+00
0.000000000000000000e+00
0.000000000000000000e+00
0.000000000000000000e+00
0.000000000000000000e+00
0.000000000000000000e+00
0.000000000000000000e+00
0.000000000000000000e+00
0.000000000000000000e+00
0.000000000000000000e+00
0.000000000000000000e+00
0.000000000000000000e+00
0.000000000000000000e+00
0.000000000000000000e+00
0.000000000000000000e+00
0.000000000000000000e+00
0.000000000000000000e+00
0.000000000000000000e+00
0.000000000000000000e+00
0.000000000000000000e+00
0.000000000000000000e+00
0.000000000000000000e+00
0.000000000000000000e+00
0.000000000000000000e+00
0.000000000000000000e+00
0.000000000000000000e+00
0.000000000000000000e+00
0.000000000000000000e+00
0.000000000000000000e+00
0.000000000000000000e+00
0.000000000000000000e+00
0.000000000000000000e+00
0.000000000000000000e+00
0.000000000000000000e+00
0.000000000000000000e+00
0.000000000000000000e+00
0.000000000000000000e+00
0.000000000000000000e+00
0.000000000000000000e+00
0.000000000000000000e+00
0.000000000000000000e+00
0.000000000000000000e+00
0.000000000000000000e+00
0.000000000000000000e+00
0.000000000000000000e+00
0.000000000000000000e+00
0.000000000000000000e+00
0.000000000000000000e+00
0.000000000000000000e+00
0.000000000000000000e+00
0.000000000000000000e+00
0.000000000000000000e+00
0.000000000000000000e+00
0.000000000000000000e+00
0.000000000000000000e+00
0.000000000000000000e+00
0.000000000000000000e+00
0.000000000000000000e+00
0.000000000000000000e+00
0.000000000000000000e+00
0.000000000000000000e+00
0.000000000000000000e+00
0.000000000000000000e+00
0.000000000000000000e+00
0.000000000000000000e+00
0.000000000000000000e+00
0.000000000000000000e+00
0.000000000000000000e+00
0.000000000000000000e+00
0.000000000000000000e+00
0.000000000000000000e+00
0.000000000000000000e+00
0.000000000000000000e+00
0.000000000000000000e+00
0.000000000000000000e+00
0.000000000000000000e+00
0.000000000000000000e+00
0.000000000000000000e+00
0.000000000000000000e+00
0.000000000000000000e+00
0.000000000000000000e+00
0.000000000000000000e+00
0.000000000000000000e+00
0.000000000000000000e+00
0.000000000000000000e+00
0.000000000000000000e+00
0.000000000000000000e+00
0.000000000000000000e+00
0.000000000000000000e+00
0.000000000000000000e+00
0.000000000000000000e+00
0.000000000000000000e+00
0.000000000000000000e+00
0.000000000000000000e+00
0.000000000000000000e+00
0.000000000000000000e+00
0.000000000000000000e+00
0.000000000000000000e+00
0.000000000000000000e+00
0.000000000000000000e+00
0.000000000000000000e+00
0.000000000000000000e+00
0.000000000000000000e+00
0.000000000000000000e+00
0.000000000000000000e+00
0.000000000000000000e+00
0.000000000000000000e+00
0.000000000000000000e+00
0.000000000000000000e+00
0.000000000000000000e+00
0.000000000000000000e+00
0.000000000000000000e+00
0.000000000000000000e+00
0.000000000000000000e+00
0.000000000000000000e+00
0.000000000000000000e+00
0.000000000000000000e+00
0.000000000000000000e+00
0.000000000000000000e+00
0.000000000000000000e+00
0.000000000000000000e+00
0.000000000000000000e+00
0.000000000000000000e+00
0.000000000000000000e+00
0.000000000000000000e+00
0.000000000000000000e+00
0.000000000000000000e+00
0.000000000000000000e+00
0.000000000000000000e+00
0.000000000000000000e+00
0.000000000000000000e+00
0.000000000000000000e+00
0.000000000000000000e+00
0.000000000000000000e+00
0.000000000000000000e+00
0.000000000000000000e+00
0.000000000000000000e+00
0.000000000000000000e+00
0.000000000000000000e+00
0.000000000000000000e+00
0.000000000000000000e+00
0.000000000000000000e+00
0.000000000000000000e+00
0.000000000000000000e+00
0.000000000000000000e+00
0.000000000000000000e+00
0.000000000000000000e+00
0.000000000000000000e+00
0.000000000000000000e+00
0.000000000000000000e+00
0.000000000000000000e+00
0.000000000000000000e+00
0.000000000000000000e+00
0.000000000000000000e+00
0.000000000000000000e+00
0.000000000000000000e+00
0.000000000000000000e+00
0.000000000000000000e+00
0.000000000000000000e+00
0.000000000000000000e+00
0.000000000000000000e+00
0.000000000000000000e+00
0.000000000000000000e+00
0.000000000000000000e+00
0.000000000000000000e+00
0.000000000000000000e+00
0.000000000000000000e+00
0.000000000000000000e+00
0.000000000000000000e+00
0.000000000000000000e+00
0.000000000000000000e+00
0.000000000000000000e+00
0.000000000000000000e+00
0.000000000000000000e+00
0.000000000000000000e+00
0.000000000000000000e+00
0.000000000000000000e+00
0.000000000000000000e+00
0.000000000000000000e+00
0.000000000000000000e+00
0.000000000000000000e+00
0.000000000000000000e+00
0.000000000000000000e+00
0.000000000000000000e+00
0.000000000000000000e+00
0.000000000000000000e+00
0.000000000000000000e+00
0.000000000000000000e+00
0.000000000000000000e+00
0.000000000000000000e+00
0.000000000000000000e+00
0.000000000000000000e+00
0.000000000000000000e+00
0.000000000000000000e+00
0.000000000000000000e+00
0.000000000000000000e+00
0.000000000000000000e+00
0.000000000000000000e+00
0.000000000000000000e+00
0.000000000000000000e+00
0.000000000000000000e+00
0.000000000000000000e+00
0.000000000000000000e+00
0.000000000000000000e+00
0.000000000000000000e+00
0.000000000000000000e+00
0.000000000000000000e+00
0.000000000000000000e+00
0.000000000000000000e+00
0.000000000000000000e+00
0.000000000000000000e+00
0.000000000000000000e+00
0.000000000000000000e+00
0.000000000000000000e+00
0.000000000000000000e+00
0.000000000000000000e+00
0.000000000000000000e+00
0.000000000000000000e+00
0.000000000000000000e+00
0.000000000000000000e+00
0.000000000000000000e+00
0.000000000000000000e+00
0.000000000000000000e+00
0.000000000000000000e+00
0.000000000000000000e+00
0.000000000000000000e+00
0.000000000000000000e+00
0.000000000000000000e+00
0.000000000000000000e+00
0.000000000000000000e+00
0.000000000000000000e+00
0.000000000000000000e+00
0.000000000000000000e+00
0.000000000000000000e+00
0.000000000000000000e+00
0.000000000000000000e+00
0.000000000000000000e+00
0.000000000000000000e+00
0.000000000000000000e+00
0.000000000000000000e+00
0.000000000000000000e+00
0.000000000000000000e+00
0.000000000000000000e+00
0.000000000000000000e+00
0.000000000000000000e+00
0.000000000000000000e+00
0.000000000000000000e+00
0.000000000000000000e+00
0.000000000000000000e+00
0.000000000000000000e+00
0.000000000000000000e+00
0.000000000000000000e+00
0.000000000000000000e+00
0.000000000000000000e+00
0.000000000000000000e+00
0.000000000000000000e+00
0.000000000000000000e+00
0.000000000000000000e+00
0.000000000000000000e+00
0.000000000000000000e+00
0.000000000000000000e+00
0.000000000000000000e+00
0.000000000000000000e+00
0.000000000000000000e+00
0.000000000000000000e+00
0.000000000000000000e+00
0.000000000000000000e+00
0.000000000000000000e+00
0.000000000000000000e+00
0.000000000000000000e+00
0.000000000000000000e+00
0.000000000000000000e+00
0.000000000000000000e+00
0.000000000000000000e+00
0.000000000000000000e+00
0.000000000000000000e+00
0.000000000000000000e+00
0.000000000000000000e+00
0.000000000000000000e+00
0.000000000000000000e+00
0.000000000000000000e+00
0.000000000000000000e+00
0.000000000000000000e+00
0.000000000000000000e+00
0.000000000000000000e+00
0.000000000000000000e+00
0.000000000000000000e+00
0.000000000000000000e+00
0.000000000000000000e+00
0.000000000000000000e+00
0.000000000000000000e+00
0.000000000000000000e+00
0.000000000000000000e+00
0.000000000000000000e+00
0.000000000000000000e+00
0.000000000000000000e+00
0.000000000000000000e+00
0.000000000000000000e+00
0.000000000000000000e+00
0.000000000000000000e+00
0.000000000000000000e+00
0.000000000000000000e+00
0.000000000000000000e+00
0.000000000000000000e+00
0.000000000000000000e+00
0.000000000000000000e+00
0.000000000000000000e+00
0.000000000000000000e+00
0.000000000000000000e+00
0.000000000000000000e+00
0.000000000000000000e+00
0.000000000000000000e+00
0.000000000000000000e+00
0.000000000000000000e+00
0.000000000000000000e+00
0.000000000000000000e+00
0.000000000000000000e+00
0.000000000000000000e+00
0.000000000000000000e+00
0.000000000000000000e+00
0.000000000000000000e+00
0.000000000000000000e+00
0.000000000000000000e+00
0.000000000000000000e+00
0.000000000000000000e+00
0.000000000000000000e+00
0.000000000000000000e+00
0.000000000000000000e+00
0.000000000000000000e+00
0.000000000000000000e+00
0.000000000000000000e+00
0.000000000000000000e+00
0.000000000000000000e+00
0.000000000000000000e+00
0.000000000000000000e+00
0.000000000000000000e+00
0.000000000000000000e+00
0.000000000000000000e+00
0.000000000000000000e+00
0.000000000000000000e+00
0.000000000000000000e+00
0.000000000000000000e+00
0.000000000000000000e+00
0.000000000000000000e+00
0.000000000000000000e+00
0.000000000000000000e+00
0.000000000000000000e+00
0.000000000000000000e+00
0.000000000000000000e+00
0.000000000000000000e+00
0.000000000000000000e+00
0.000000000000000000e+00
0.000000000000000000e+00
0.000000000000000000e+00
0.000000000000000000e+00
0.000000000000000000e+00
0.000000000000000000e+00
0.000000000000000000e+00
0.000000000000000000e+00
0.000000000000000000e+00
0.000000000000000000e+00
0.000000000000000000e+00
0.000000000000000000e+00
0.000000000000000000e+00
0.000000000000000000e+00
0.000000000000000000e+00
0.000000000000000000e+00
0.000000000000000000e+00
0.000000000000000000e+00
0.000000000000000000e+00
0.000000000000000000e+00
0.000000000000000000e+00
0.000000000000000000e+00
0.000000000000000000e+00
0.000000000000000000e+00
0.000000000000000000e+00
0.000000000000000000e+00
0.000000000000000000e+00
0.000000000000000000e+00
0.000000000000000000e+00
0.000000000000000000e+00
0.000000000000000000e+00
0.000000000000000000e+00
0.000000000000000000e+00
0.000000000000000000e+00
0.000000000000000000e+00
0.000000000000000000e+00
0.000000000000000000e+00
0.000000000000000000e+00
0.000000000000000000e+00
0.000000000000000000e+00
0.000000000000000000e+00
0.000000000000000000e+00
0.000000000000000000e+00
0.000000000000000000e+00
0.000000000000000000e+00
0.000000000000000000e+00
0.000000000000000000e+00
0.000000000000000000e+00
0.000000000000000000e+00
0.000000000000000000e+00
0.000000000000000000e+00
0.000000000000000000e+00
0.000000000000000000e+00
0.000000000000000000e+00
0.000000000000000000e+00
0.000000000000000000e+00
0.000000000000000000e+00
0.000000000000000000e+00
0.000000000000000000e+00
0.000000000000000000e+00
0.000000000000000000e+00
0.000000000000000000e+00
0.000000000000000000e+00
0.000000000000000000e+00
0.000000000000000000e+00
0.000000000000000000e+00
0.000000000000000000e+00
0.000000000000000000e+00
0.000000000000000000e+00
0.000000000000000000e+00
0.000000000000000000e+00
0.000000000000000000e+00
0.000000000000000000e+00
0.000000000000000000e+00
0.000000000000000000e+00
0.000000000000000000e+00
0.000000000000000000e+00
0.000000000000000000e+00
0.000000000000000000e+00
0.000000000000000000e+00
0.000000000000000000e+00
0.000000000000000000e+00
0.000000000000000000e+00
0.000000000000000000e+00
0.000000000000000000e+00
0.000000000000000000e+00
0.000000000000000000e+00
0.000000000000000000e+00
0.000000000000000000e+00
0.000000000000000000e+00
0.000000000000000000e+00
0.000000000000000000e+00
0.000000000000000000e+00
0.000000000000000000e+00
0.000000000000000000e+00
0.000000000000000000e+00
0.000000000000000000e+00
0.000000000000000000e+00
0.000000000000000000e+00
0.000000000000000000e+00
0.000000000000000000e+00
0.000000000000000000e+00
0.000000000000000000e+00
0.000000000000000000e+00
0.000000000000000000e+00
0.000000000000000000e+00
0.000000000000000000e+00
0.000000000000000000e+00
0.000000000000000000e+00
0.000000000000000000e+00
0.000000000000000000e+00
0.000000000000000000e+00
0.000000000000000000e+00
0.000000000000000000e+00
0.000000000000000000e+00
0.000000000000000000e+00
0.000000000000000000e+00
0.000000000000000000e+00
0.000000000000000000e+00
0.000000000000000000e+00
0.000000000000000000e+00
0.000000000000000000e+00
0.000000000000000000e+00
0.000000000000000000e+00
0.000000000000000000e+00
0.000000000000000000e+00
0.000000000000000000e+00
0.000000000000000000e+00
0.000000000000000000e+00
0.000000000000000000e+00
0.000000000000000000e+00
0.000000000000000000e+00
0.000000000000000000e+00
0.000000000000000000e+00
0.000000000000000000e+00
0.000000000000000000e+00
0.000000000000000000e+00
0.000000000000000000e+00
0.000000000000000000e+00
0.000000000000000000e+00
0.000000000000000000e+00
0.000000000000000000e+00
0.000000000000000000e+00
0.000000000000000000e+00
0.000000000000000000e+00
0.000000000000000000e+00
0.000000000000000000e+00
0.000000000000000000e+00
0.000000000000000000e+00
0.000000000000000000e+00
0.000000000000000000e+00
0.000000000000000000e+00
0.000000000000000000e+00
0.000000000000000000e+00
0.000000000000000000e+00
0.000000000000000000e+00
0.000000000000000000e+00
0.000000000000000000e+00
0.000000000000000000e+00
0.000000000000000000e+00
0.000000000000000000e+00
0.000000000000000000e+00
0.000000000000000000e+00
0.000000000000000000e+00
0.000000000000000000e+00
0.000000000000000000e+00
0.000000000000000000e+00
0.000000000000000000e+00
0.000000000000000000e+00
0.000000000000000000e+00
0.000000000000000000e+00
0.000000000000000000e+00
0.000000000000000000e+00
0.000000000000000000e+00
0.000000000000000000e+00
0.000000000000000000e+00
0.000000000000000000e+00
0.000000000000000000e+00
0.000000000000000000e+00
0.000000000000000000e+00
0.000000000000000000e+00
0.000000000000000000e+00
0.000000000000000000e+00
0.000000000000000000e+00
0.000000000000000000e+00
0.000000000000000000e+00
0.000000000000000000e+00
0.000000000000000000e+00
0.000000000000000000e+00
0.000000000000000000e+00
0.000000000000000000e+00
0.000000000000000000e+00
0.000000000000000000e+00
0.000000000000000000e+00
0.000000000000000000e+00
0.000000000000000000e+00
0.000000000000000000e+00
0.000000000000000000e+00
0.000000000000000000e+00
0.000000000000000000e+00
0.000000000000000000e+00
0.000000000000000000e+00
0.000000000000000000e+00
0.000000000000000000e+00
0.000000000000000000e+00
0.000000000000000000e+00
0.000000000000000000e+00
0.000000000000000000e+00
0.000000000000000000e+00
0.000000000000000000e+00
0.000000000000000000e+00
0.000000000000000000e+00
0.000000000000000000e+00
0.000000000000000000e+00
0.000000000000000000e+00
0.000000000000000000e+00
0.000000000000000000e+00
0.000000000000000000e+00
0.000000000000000000e+00
0.000000000000000000e+00
0.000000000000000000e+00
0.000000000000000000e+00
0.000000000000000000e+00
0.000000000000000000e+00
0.000000000000000000e+00
0.000000000000000000e+00
0.000000000000000000e+00
0.000000000000000000e+00
0.000000000000000000e+00
0.000000000000000000e+00
0.000000000000000000e+00
0.000000000000000000e+00
0.000000000000000000e+00
0.000000000000000000e+00
0.000000000000000000e+00
0.000000000000000000e+00
0.000000000000000000e+00
0.000000000000000000e+00
0.000000000000000000e+00
0.000000000000000000e+00
0.000000000000000000e+00
0.000000000000000000e+00
0.000000000000000000e+00
0.000000000000000000e+00
0.000000000000000000e+00
0.000000000000000000e+00
0.000000000000000000e+00
0.000000000000000000e+00
0.000000000000000000e+00
0.000000000000000000e+00
0.000000000000000000e+00
0.000000000000000000e+00
0.000000000000000000e+00
0.000000000000000000e+00
0.000000000000000000e+00
0.000000000000000000e+00
0.000000000000000000e+00
0.000000000000000000e+00
0.000000000000000000e+00
0.000000000000000000e+00
0.000000000000000000e+00
0.000000000000000000e+00
0.000000000000000000e+00
0.000000000000000000e+00
0.000000000000000000e+00
0.000000000000000000e+00
0.000000000000000000e+00
0.000000000000000000e+00
0.000000000000000000e+00
0.000000000000000000e+00
0.000000000000000000e+00
0.000000000000000000e+00
0.000000000000000000e+00
0.000000000000000000e+00
0.000000000000000000e+00
0.000000000000000000e+00
0.000000000000000000e+00
0.000000000000000000e+00
0.000000000000000000e+00
0.000000000000000000e+00
0.000000000000000000e+00
0.000000000000000000e+00
0.000000000000000000e+00
0.000000000000000000e+00
0.000000000000000000e+00
0.000000000000000000e+00
0.000000000000000000e+00
0.000000000000000000e+00
0.000000000000000000e+00
0.000000000000000000e+00
0.000000000000000000e+00
0.000000000000000000e+00
0.000000000000000000e+00
0.000000000000000000e+00
0.000000000000000000e+00
0.000000000000000000e+00
0.000000000000000000e+00
0.000000000000000000e+00
0.000000000000000000e+00
0.000000000000000000e+00
0.000000000000000000e+00
0.000000000000000000e+00
0.000000000000000000e+00
0.000000000000000000e+00
0.000000000000000000e+00
0.000000000000000000e+00
0.000000000000000000e+00
0.000000000000000000e+00
0.000000000000000000e+00
0.000000000000000000e+00
0.000000000000000000e+00
0.000000000000000000e+00
0.000000000000000000e+00
0.000000000000000000e+00
0.000000000000000000e+00
0.000000000000000000e+00
0.000000000000000000e+00
0.000000000000000000e+00
0.000000000000000000e+00
0.000000000000000000e+00
0.000000000000000000e+00
0.000000000000000000e+00
0.000000000000000000e+00
0.000000000000000000e+00
0.000000000000000000e+00
0.000000000000000000e+00
0.000000000000000000e+00
0.000000000000000000e+00
0.000000000000000000e+00
0.000000000000000000e+00
0.000000000000000000e+00
0.000000000000000000e+00
0.000000000000000000e+00
0.000000000000000000e+00
0.000000000000000000e+00
0.000000000000000000e+00
0.000000000000000000e+00
0.000000000000000000e+00
0.000000000000000000e+00
0.000000000000000000e+00
0.000000000000000000e+00
0.000000000000000000e+00
0.000000000000000000e+00
0.000000000000000000e+00
0.000000000000000000e+00
0.000000000000000000e+00
0.000000000000000000e+00
0.000000000000000000e+00
0.000000000000000000e+00
0.000000000000000000e+00
0.000000000000000000e+00
0.000000000000000000e+00
0.000000000000000000e+00
0.000000000000000000e+00
0.000000000000000000e+00
0.000000000000000000e+00
0.000000000000000000e+00
0.000000000000000000e+00
0.000000000000000000e+00
0.000000000000000000e+00
0.000000000000000000e+00
0.000000000000000000e+00
0.000000000000000000e+00
0.000000000000000000e+00
0.000000000000000000e+00
0.000000000000000000e+00
0.000000000000000000e+00
0.000000000000000000e+00
0.000000000000000000e+00
0.000000000000000000e+00
0.000000000000000000e+00
0.000000000000000000e+00
0.000000000000000000e+00
0.000000000000000000e+00
0.000000000000000000e+00
0.000000000000000000e+00
0.000000000000000000e+00
0.000000000000000000e+00
0.000000000000000000e+00
0.000000000000000000e+00
0.000000000000000000e+00
0.000000000000000000e+00
0.000000000000000000e+00
0.000000000000000000e+00
0.000000000000000000e+00
0.000000000000000000e+00
0.000000000000000000e+00
0.000000000000000000e+00
0.000000000000000000e+00
0.000000000000000000e+00
0.000000000000000000e+00
0.000000000000000000e+00
0.000000000000000000e+00
0.000000000000000000e+00
0.000000000000000000e+00
0.000000000000000000e+00
0.000000000000000000e+00
0.000000000000000000e+00
0.000000000000000000e+00
0.000000000000000000e+00
0.000000000000000000e+00
0.000000000000000000e+00
0.000000000000000000e+00
0.000000000000000000e+00
0.000000000000000000e+00
0.000000000000000000e+00
0.000000000000000000e+00
0.000000000000000000e+00
0.000000000000000000e+00
0.000000000000000000e+00
0.000000000000000000e+00
0.000000000000000000e+00
0.000000000000000000e+00
0.000000000000000000e+00
0.000000000000000000e+00
0.000000000000000000e+00
0.000000000000000000e+00
0.000000000000000000e+00
0.000000000000000000e+00
0.000000000000000000e+00
0.000000000000000000e+00
0.000000000000000000e+00
0.000000000000000000e+00
0.000000000000000000e+00
0.000000000000000000e+00
0.000000000000000000e+00
0.000000000000000000e+00
0.000000000000000000e+00
0.000000000000000000e+00
0.000000000000000000e+00
0.000000000000000000e+00
0.000000000000000000e+00
0.000000000000000000e+00
0.000000000000000000e+00
0.000000000000000000e+00
0.000000000000000000e+00
0.000000000000000000e+00
0.000000000000000000e+00
0.000000000000000000e+00
0.000000000000000000e+00
0.000000000000000000e+00
0.000000000000000000e+00
0.000000000000000000e+00
0.000000000000000000e+00
0.000000000000000000e+00
0.000000000000000000e+00
0.000000000000000000e+00
0.000000000000000000e+00
0.000000000000000000e+00
0.000000000000000000e+00
0.000000000000000000e+00
0.000000000000000000e+00
0.000000000000000000e+00
0.000000000000000000e+00
0.000000000000000000e+00
0.000000000000000000e+00
0.000000000000000000e+00
0.000000000000000000e+00
0.000000000000000000e+00
0.000000000000000000e+00
0.000000000000000000e+00
0.000000000000000000e+00
0.000000000000000000e+00
0.000000000000000000e+00
0.000000000000000000e+00
0.000000000000000000e+00
0.000000000000000000e+00
0.000000000000000000e+00
0.000000000000000000e+00
0.000000000000000000e+00
0.000000000000000000e+00
0.000000000000000000e+00
0.000000000000000000e+00
0.000000000000000000e+00
0.000000000000000000e+00
0.000000000000000000e+00
0.000000000000000000e+00
0.000000000000000000e+00
0.000000000000000000e+00
0.000000000000000000e+00
0.000000000000000000e+00
0.000000000000000000e+00
0.000000000000000000e+00
0.000000000000000000e+00
0.000000000000000000e+00
0.000000000000000000e+00
0.000000000000000000e+00
0.000000000000000000e+00
0.000000000000000000e+00
0.000000000000000000e+00
0.000000000000000000e+00
0.000000000000000000e+00
0.000000000000000000e+00
0.000000000000000000e+00
0.000000000000000000e+00
0.000000000000000000e+00
0.000000000000000000e+00
0.000000000000000000e+00
0.000000000000000000e+00
0.000000000000000000e+00
0.000000000000000000e+00
0.000000000000000000e+00
0.000000000000000000e+00
0.000000000000000000e+00
0.000000000000000000e+00
0.000000000000000000e+00
0.000000000000000000e+00
0.000000000000000000e+00
0.000000000000000000e+00
0.000000000000000000e+00
0.000000000000000000e+00
0.000000000000000000e+00
0.000000000000000000e+00
0.000000000000000000e+00
0.000000000000000000e+00
0.000000000000000000e+00
0.000000000000000000e+00
0.000000000000000000e+00
0.000000000000000000e+00
0.000000000000000000e+00
0.000000000000000000e+00
0.000000000000000000e+00
0.000000000000000000e+00
0.000000000000000000e+00
0.000000000000000000e+00
0.000000000000000000e+00
0.000000000000000000e+00
0.000000000000000000e+00
0.000000000000000000e+00
0.000000000000000000e+00
0.000000000000000000e+00
0.000000000000000000e+00
0.000000000000000000e+00
0.000000000000000000e+00
0.000000000000000000e+00
0.000000000000000000e+00
0.000000000000000000e+00
0.000000000000000000e+00
0.000000000000000000e+00
0.000000000000000000e+00
0.000000000000000000e+00
0.000000000000000000e+00
0.000000000000000000e+00
0.000000000000000000e+00
0.000000000000000000e+00
0.000000000000000000e+00
0.000000000000000000e+00
0.000000000000000000e+00
0.000000000000000000e+00
0.000000000000000000e+00
0.000000000000000000e+00
