2.824722692370414734e+00
2.355089865624904633e+00
1.896155148744583130e+00
1.394690543413162231e+00
1.000334627926349640e+00
7.757546044886112213e-01
7.574875131249427795e-01
4.662147052586078644e-01
2.748565785586833954e-01
2.674709483981132507e-01
2.182317450642585754e-01
1.994543261826038361e-01
1.916733998805284500e-01
1.721202116459608078e-01
1.617223173379898071e-01
1.532423868775367737e-01
1.438287757337093353e-01
1.418854929506778717e-01
1.358077600598335266e-01
1.325175259262323380e-01
1.324310265481472015e-01
1.265764310956001282e-01
1.249491833150386810e-01
1.245755031704902649e-01
1.205723099410533905e-01
1.198747232556343079e-01
1.178919672966003418e-01
1.163233965635299683e-01
1.164509318768978119e-01
1.138620562851428986e-01
1.131228562444448471e-01
1.128538567572832108e-01
1.114339902997016907e-01
1.109163742512464523e-01
1.098006721585988998e-01
1.093415748327970505e-01
1.092549748718738556e-01
1.078322865068912506e-01
1.076110564172267914e-01
1.073929481208324432e-01
1.062115728855133057e-01
1.061521153897047043e-01
1.055322661995887756e-01
1.050966288894414902e-01
1.053359135985374451e-01
1.041977591812610626e-01
1.040722839534282684e-01
1.042005382478237152e-01
1.033684853464365005e-01
1.033866796642541885e-01
1.030112449079751968e-01
1.025666315108537674e-01
1.027381736785173416e-01
1.019811518490314484e-01
1.018219981342554092e-01
1.019149832427501678e-01
1.014538258314132690e-01
1.013448946177959442e-01
1.010322012007236481e-01
1.008587144315242767e-01
1.133687701076269150e-01
1.128310691565275192e-01
1.128131411969661713e-01
1.128011681139469147e-01
1.122729647904634476e-01
1.123258322477340698e-01
1.120926178991794586e-01
1.118971016258001328e-01
1.120846290141344070e-01
1.115222405642271042e-01
1.115102097392082214e-01
1.116168256849050522e-01
1.112070437520742416e-01
1.112795434892177582e-01
1.111166346818208694e-01
1.108743119984865189e-01
1.109963078051805496e-01
1.105878297239542007e-01
1.105300877243280411e-01
1.106261797249317169e-01
1.850637719035148621e-01
1.849887557327747345e-01
1.847941614687442780e-01
1.846329495310783386e-01
1.846700608730316162e-01
1.843143813312053680e-01
1.842801496386528015e-01
1.842566765844821930e-01
1.838828772306442261e-01
1.839019395411014557e-01
1.837279722094535828e-01
1.835664510726928711e-01
1.836630739271640778e-01
1.832551620900630951e-01
1.832205504179000854e-01
1.832600794732570648e-01
1.829461976885795593e-01
1.829812712967395782e-01
1.828412339091300964e-01
1.826310977339744568e-01
1.079943161457777023e-01
1.077179275453090668e-01
1.076892185956239700e-01
1.077703572809696198e-01
1.075837425887584686e-01
1.075733769685029984e-01
1.074769571423530579e-01
1.073868554085493088e-01
1.074527669697999954e-01
1.072320640087127686e-01
1.072443816810846329e-01
1.072661094367504120e-01
1.070223823189735413e-01
1.070779655128717422e-01
1.069867555052042007e-01
1.068976316601037979e-01
1.070089191198348999e-01
1.067352779209613800e-01
1.067474056035280228e-01
1.068116296082735062e-01
1.833659335970878601e-01
1.833874993026256561e-01
1.832723952829837799e-01
1.830979809165000916e-01
1.831230968236923218e-01
1.828658431768417358e-01
1.828059107065200806e-01
1.828276664018630981e-01
1.826365143060684204e-01
1.825874559581279755e-01
1.824720166623592377e-01
1.823500394821166992e-01
1.823617480695247650e-01
1.821445524692535400e-01
1.821108944714069366e-01
1.820841059088706970e-01
1.818443089723587036e-01
1.818464361131191254e-01
1.817301549017429352e-01
1.816117204725742340e-01
1.084268968552350998e-01
1.082061808556318283e-01
1.082171704620122910e-01
1.082670539617538452e-01
1.081028096377849579e-01
1.081616152077913284e-01
1.081059891730546951e-01
1.079993844032287598e-01
1.080544348806142807e-01
1.078821290284395218e-01
1.078711710870265961e-01
1.079271435737609863e-01
1.078050304204225540e-01
1.078041885048151016e-01
1.077483240514993668e-01
1.076810304075479507e-01
1.077293809503316879e-01
1.075878571718931198e-01
1.075963266193866730e-01
1.076129171997308731e-01
1.803794093430042267e-01
1.803748644888401031e-01
1.802708283066749573e-01
1.801634691655635834e-01
1.801935508847236633e-01
1.799628064036369324e-01
1.799268238246440887e-01
1.799224354326725006e-01
1.797386780381202698e-01
1.797442808747291565e-01
1.796520426869392395e-01
1.795148961246013641e-01
1.795145049691200256e-01
1.793237924575805664e-01
1.792688146233558655e-01
1.792707182466983795e-01
1.791196651756763458e-01
1.790740080177783966e-01
1.789817772805690765e-01
1.788756214082241058e-01
1.035922318696975708e-01
1.034716088324785233e-01
1.034796368330717087e-01
1.034936942160129547e-01
1.033533196896314621e-01
1.033891141414642334e-01
1.033390611410140991e-01
1.032842881977558136e-01
1.033502463251352310e-01
1.031893007457256317e-01
1.031982991844415665e-01
1.032332163304090500e-01
1.031128987669944763e-01
1.031585820019245148e-01
1.031181998550891876e-01
1.030375249683856964e-01
1.030760779976844788e-01
1.029493957757949829e-01
1.029418557882308960e-01
1.029834393411874771e-01
1.622067913413047791e-01
1.621690168976783752e-01
1.620908491313457489e-01
1.619973219931125641e-01
1.619970872998237610e-01
1.618524715304374695e-01
1.618205979466438293e-01
1.617942824959754944e-01
1.616313941776752472e-01
1.616247966885566711e-01
1.615417413413524628e-01
1.614540964365005493e-01
1.614731140434741974e-01
1.612920388579368591e-01
1.612611189484596252e-01
1.612521521747112274e-01
1.611064970493316650e-01
1.611089259386062622e-01
1.610343307256698608e-01
1.609231829643249512e-01
1.015833262354135513e-01
1.014697458595037460e-01
1.014630105346441269e-01
1.014993079006671906e-01
1.014145743101835251e-01
1.014154274016618729e-01
1.013793833553791046e-01
1.013282854110002518e-01
1.013609915971755981e-01
1.012652572244405746e-01
1.012696437537670135e-01
1.012797690927982330e-01
1.011669039726257324e-01
1.011946871876716614e-01
1.011537890881299973e-01
1.011078823357820511e-01
1.011585425585508347e-01
1.010292023420333862e-01
1.010349225252866745e-01
1.010598354041576385e-01
1.588758602738380432e-01
1.588759273290634155e-01
1.588052920997142792e-01
1.587013490498065948e-01
1.586926057934761047e-01
1.585524007678031921e-01
1.585088074207305908e-01
1.585037596523761749e-01
1.583889946341514587e-01
1.583521291613578796e-01
1.582822911441326141e-01
1.581967510282993317e-01
1.581893824040889740e-01
1.580649353563785553e-01
1.580310091376304626e-01
1.580023393034934998e-01
1.578614600002765656e-01
1.578495204448699951e-01
1.577745229005813599e-01
1.576949208974838257e-01
9.839857555925846100e-02
9.828011319041252136e-02
9.828498028218746185e-02
9.830649010837078094e-02
9.821642376482486725e-02
9.825017862021923065e-02
9.821870177984237671e-02
9.815656393766403198e-02
9.818134643137454987e-02
9.808673337101936340e-02
9.807988256216049194e-02
9.810834564268589020e-02
9.803622402250766754e-02
9.803606942296028137e-02
9.800544008612632751e-02
9.795944951474666595e-02
9.798638336360454559e-02
9.790519811213016510e-02
9.790749289095401764e-02
9.791462495923042297e-02
1.569288764148950577e-01
1.569141335785388947e-01
1.568415798246860504e-01
1.567644625902175903e-01
1.567680500447750092e-01
1.566212996840476990e-01
1.565879397094249725e-01
1.565697956830263138e-01
1.564491763710975647e-01
1.564422026276588440e-01
1.563754752278327942e-01
1.562803220003843307e-01
1.562648024410009384e-01
1.561392582952976227e-01
1.560955364257097244e-01
1.560840941965579987e-01
1.559794824570417404e-01
1.559415273368358612e-01
1.558756884187459946e-01
1.557949185371398926e-01
9.640938043594360352e-02
9.633374959230422974e-02
9.633507579565048218e-02
9.634110331535339355e-02
9.625116735696792603e-02
9.627152606844902039e-02
9.623792953789234161e-02
9.619992971420288086e-02
9.623700194060802460e-02
9.613429754972457886e-02
9.613704867660999298e-02
9.615360945463180542e-02
9.607506729662418365e-02
9.610285423696041107e-02
9.607435390353202820e-02
9.601953439414501190e-02
9.603878855705261230e-02
9.595592133700847626e-02
9.594898112118244171e-02
9.597206860780715942e-02
1.534974090754985809e-01
1.534601841121912003e-01
1.533965971320867538e-01
1.533186323940753937e-01
1.533042509108781815e-01
1.531968545168638229e-01
1.531611215323209763e-01
1.531298421323299408e-01
1.530089974403381348e-01
1.529910732060670853e-01
1.529227383434772491e-01
1.528501994907855988e-01
1.528481338173151016e-01
1.527150683104991913e-01
1.526808179914951324e-01
1.526592560112476349e-01
1.525489315390586853e-01
1.525382008403539658e-01
1.524746175855398178e-01
1.523862406611442566e-01
9.478420764207839966e-02
9.470575489103794098e-02
9.469866938889026642e-02
9.471973776817321777e-02
9.465855918824672699e-02
9.465737454593181610e-02
9.463115222752094269e-02
9.459066204726696014e-02
9.461065381765365601e-02
9.454302303493022919e-02
9.454266354441642761e-02
9.454653784632682800e-02
9.446614235639572144e-02
9.448272176086902618e-02
9.445181302726268768e-02
9.441674686968326569e-02
9.444798901677131653e-02
9.435624256730079651e-02
9.435746073722839355e-02
9.437024034559726715e-02
1.512928213924169540e-01
1.512807849794626236e-01
1.512187458574771881e-01
1.511332113295793533e-01
1.511132121086120605e-01
1.510030683130025864e-01
1.509603057056665421e-01
1.509440112859010696e-01
1.508501917123794556e-01
1.508127395063638687e-01
1.507520303130149841e-01
1.506771743297576904e-01
1.506601031869649887e-01
1.505601909011602402e-01
1.505235545337200165e-01
1.504913270473480225e-01
1.503789052367210388e-01
1.503587048500776291e-01
1.502933185547590256e-01
1.502240709960460663e-01
9.268154017627239227e-02
9.259400516748428345e-02
9.259485080838203430e-02
9.260648116469383240e-02
9.253890626132488251e-02
9.256099164485931396e-02
9.253526665270328522e-02
9.248750098049640656e-02
9.250144474208354950e-02
9.243001788854598999e-02
9.242284111678600311e-02
9.244052879512310028e-02
9.238417260348796844e-02
9.238253161311149597e-02
9.235813654959201813e-02
9.231996536254882812e-02
9.233728796243667603e-02
9.227536246180534363e-02
9.227375127375125885e-02
9.227639436721801758e-02
1.496024262160062790e-01
1.495811995118856430e-01
1.495167780667543411e-01
1.494486313313245773e-01
1.494403071701526642e-01
1.493211556226015091e-01
1.492859292775392532e-01
1.492609474807977676e-01
1.491607204079627991e-01
1.491458807140588760e-01
1.490854453295469284e-01
1.490038558840751648e-01
1.489811185747385025e-01
1.488773413002490997e-01
1.488345675170421600e-01
1.488155331462621689e-01
1.487258169800043106e-01
1.486883182078599930e-01
1.486292723566293716e-01
1.485568191856145859e-01
9.103562869131565094e-02
9.097621776163578033e-02
9.097419120371341705e-02
9.097625501453876495e-02
9.090567566454410553e-02
9.091869182884693146e-02
9.089056961238384247e-02
9.085887856781482697e-02
9.088423848152160645e-02
9.080380387604236603e-02
9.080359898507595062e-02
9.081281162798404694e-02
9.075037948787212372e-02
9.076974168419837952e-02
9.074530750513076782e-02
9.070059843361377716e-02
9.071232564747333527e-02
9.064622968435287476e-02
9.063876420259475708e-02
9.065399318933486938e-02
1.472097132354974747e-01
1.471724025905132294e-01
1.471145153045654297e-01
1.470437888056039810e-01
1.470237802714109421e-01
1.469316110014915466e-01
1.468943916261196136e-01
1.468612365424633026e-01
1.467582080513238907e-01
1.467355396598577499e-01
1.466733198612928391e-01
1.466075815260410309e-01
1.465967204421758652e-01
1.464841905981302261e-01
1.464489027857780457e-01
1.464224457740783691e-01
1.463272403925657272e-01
1.463107690215110779e-01
1.462520249187946320e-01
1.461739856749773026e-01
8.958175964653491974e-02
8.951797708868980408e-02
8.951039053499698639e-02
8.952465653419494629e-02
8.947373554110527039e-02
8.947106264531612396e-02
8.944859541952610016e-02
8.941325172781944275e-02
8.942726440727710724e-02
8.937174081802368164e-02
8.936885185539722443e-02
8.936995454132556915e-02
8.930394984781742096e-02
8.931524679064750671e-02
8.928825519979000092e-02
8.925799280405044556e-02
8.928065001964569092e-02
8.920554257929325104e-02
8.920454420149326324e-02
8.921193331480026245e-02
1.453322395682334900e-01
1.453150790184736252e-01
1.452573258429765701e-01
1.451809480786323547e-01
1.451564542949199677e-01
1.450603716075420380e-01
1.450186092406511307e-01
1.449975892901420593e-01
1.449139546602964401e-01
1.448765229433774948e-01
1.448204163461923599e-01
1.447514258325099945e-01
1.447304654866456985e-01
1.446422729641199112e-01
1.446048859506845474e-01
1.445714402943849564e-01
1.444729901850223541e-01
1.444493960589170456e-01
1.443888675421476364e-01
1.443251073360443115e-01
8.779503218829631805e-02
8.772223256528377533e-02
8.772094920277595520e-02
8.772793039679527283e-02
8.767113648355007172e-02
8.768746070563793182e-02
8.766444213688373566e-02
8.762337826192378998e-02
8.763255551457405090e-02
8.757270127534866333e-02
8.756488189101219177e-02
8.757740445435047150e-02
8.752927556633949280e-02
8.752618543803691864e-02
8.750461228191852570e-02
8.747079037129878998e-02
8.748320676386356354e-02
8.743095584213733673e-02
8.742722682654857635e-02
8.742772229015827179e-02
1.437995992600917816e-01
1.437754444777965546e-01
1.437156014144420624e-01
1.436525098979473114e-01
1.436388194561004639e-01
1.435340084135532379e-01
1.434983313083648682e-01
1.434705331921577454e-01
1.433811467140913010e-01
1.433625742793083191e-01
1.433058902621269226e-01
1.432317197322845459e-01
1.432061456143856049e-01
1.431137658655643463e-01
1.430718470364809036e-01
1.430495865643024445e-01
1.429685167968273163e-01
1.429312285035848618e-01
1.428759992122650146e-01
1.428085695952177048e-01
8.633215352892875671e-02
8.628106303513050079e-02
8.627750910818576813e-02
8.627779595553874969e-02
8.621701039373874664e-02
8.622644096612930298e-02
8.620115928351879120e-02
8.617280051112174988e-02
8.619231171905994415e-02
8.612340874969959259e-02
8.612167648971080780e-02
8.612741716206073761e-02
8.607343956828117371e-02
8.608825318515300751e-02
8.606591820716857910e-02
8.602675236761569977e-02
8.603477105498313904e-02
8.597785048186779022e-02
8.597002550959587097e-02
8.598114922642707825e-02
1.418582871556282043e-01
1.418213397264480591e-01
1.417669150978326797e-01
1.417007613927125931e-01
1.416782233864068985e-01
1.415947731584310532e-01
1.415573880076408386e-01
1.415236108005046844e-01
1.414308995008468628e-01
1.414061002433300018e-01
1.413477230817079544e-01
1.412862520664930344e-01
1.412713322788476944e-01
1.411706004291772842e-01
1.411350630223751068e-01
1.411065701395273209e-01
1.410203538835048676e-01
1.410009600222110748e-01
1.409454178065061569e-01
1.408736761659383774e-01
8.499820902943611145e-02
8.494268916547298431e-02
8.493476361036300659e-02
8.494534902274608612e-02
8.490037545561790466e-02
8.489685319364070892e-02
8.487638458609580994e-02
8.484421297907829285e-02
8.485500141978263855e-02
8.480605110526084900e-02
8.480199798941612244e-02
8.480183966457843781e-02
8.474385738372802734e-02
8.475216850638389587e-02
8.472767099738121033e-02
8.470022492110729218e-02
8.471799083054065704e-02
8.465239591896533966e-02
8.465025387704372406e-02
8.465491794049739838e-02
1.401553321629762650e-01
1.401357296854257584e-01
1.400808990001678467e-01
1.400102805346250534e-01
1.399840638041496277e-01
1.398966144770383835e-01
1.398556120693683624e-01
1.398324538022279739e-01
1.397553104907274246e-01
1.397185493260622025e-01
1.396653857082128525e-01
1.396006494760513306e-01
1.395778767764568329e-01
1.394968964159488678e-01
1.394595596939325333e-01
1.394260842353105545e-01
1.393362339586019516e-01
1.393111255019903183e-01
1.392539814114570618e-01
1.391939166933298111e-01
8.337901905179023743e-02
8.331475965678691864e-02
8.331260830163955688e-02
8.331698738038539886e-02
8.326655440032482147e-02
8.327953144907951355e-02
8.325821720063686371e-02
8.322143182158470154e-02
8.322797343134880066e-02
8.317476511001586914e-02
8.316686376929283142e-02
8.317640237510204315e-02
8.313317969441413879e-02
8.312955684959888458e-02
8.310977928340435028e-02
8.307854272425174713e-02
8.308840543031692505e-02
8.304148353636264801e-02
8.303703926503658295e-02
8.303664252161979675e-02
1.387463230639696121e-01
1.387210041284561157e-01
1.386642549186944962e-01
1.386047657579183578e-01
1.385885048657655716e-01
1.384926587343215942e-01
1.384573504328727722e-01
1.384284626692533493e-01
1.383460517972707748e-01
1.383257284760475159e-01
1.382717043161392212e-01
1.382026094943284988e-01
1.381757985800504684e-01
1.380908004939556122e-01
1.380498800426721573e-01
1.380262356251478195e-01
1.379507426172494888e-01
1.379141211509704590e-01
1.378617640584707260e-01
1.377980653196573257e-01
8.204197511076927185e-02
8.199595473706722260e-02
8.199152909219264984e-02
8.199078775942325592e-02
8.193625509738922119e-02
8.194348774850368500e-02
8.192012459039688110e-02
8.189404942095279694e-02
8.191003650426864624e-02
8.184822462499141693e-02
8.184579387307167053e-02
8.184951171278953552e-02
8.180089294910430908e-02
8.181300759315490723e-02
8.179218880832195282e-02
8.175670914351940155e-02
8.176242373883724213e-02
8.171116560697555542e-02
8.170323818922042847e-02
8.171201683580875397e-02
1.370245739817619324e-01
1.369882356375455856e-01
1.369365360587835312e-01
1.368736159056425095e-01
1.368502825498580933e-01
1.367724779993295670e-01
1.367356404662132263e-01
1.367022749036550522e-01
1.366161294281482697e-01
1.365906205028295517e-01
1.365351248532533646e-01
1.364767719060182571e-01
1.364599056541919708e-01
1.363668814301490784e-01
1.363318134099245071e-01
1.363028343766927719e-01
1.362225729972124100e-01
1.362018883228302002e-01
1.361488010734319687e-01
1.360814124345779419e-01
8.080630563199520111e-02
8.075590059161186218e-02
8.074782043695449829e-02
8.075640536844730377e-02
8.071505464613437653e-02
8.071124553680419922e-02
8.069223724305629730e-02
8.066227473318576813e-02
8.067105710506439209e-02
8.062642253935337067e-02
8.062175288796424866e-02
8.062085509300231934e-02
8.056806400418281555e-02
8.057469874620437622e-02
8.055188320577144623e-02
8.052626810967922211e-02
8.054127357900142670e-02
8.048165403306484222e-02
8.047899603843688965e-02
8.048210106790065765e-02
1.354365590959787369e-01
1.354159191250801086e-01
1.353633999824523926e-01
1.352969799190759659e-01
1.352703012526035309e-01
1.351887639611959457e-01
1.351487115025520325e-01
1.351248603314161301e-01
1.350524555891752243e-01
1.350165158510208130e-01
1.349657494574785233e-01
1.349040847271680832e-01
1.348807457834482193e-01
1.348048392683267593e-01
1.347681134939193726e-01
1.347352266311645508e-01
1.346512902528047562e-01
1.346257571130990982e-01
1.345712617039680481e-01
1.345140859484672546e-01
7.929600588977336884e-02
7.923734560608863831e-02
7.923460565507411957e-02
7.923762314021587372e-02
7.919132709503173828e-02
7.920248247683048248e-02
7.918219268321990967e-02
7.914827391505241394e-02
7.915326952934265137e-02
7.910444587469100952e-02
7.909656316041946411e-02
7.910451665520668030e-02
7.906454801559448242e-02
7.906046137213706970e-02
7.904193922877311707e-02
7.901267334818840027e-02
7.902105152606964111e-02
7.897766679525375366e-02
7.897291332483291626e-02
7.897178456187248230e-02
1.341339703649282455e-01
1.341084279119968414e-01
1.340542398393154144e-01
1.339976005256175995e-01
1.339799482375383377e-01
1.338905151933431625e-01
1.338559128344058990e-01
1.338267959654331207e-01
1.337494626641273499e-01
1.337282657623291016e-01
1.336765158921480179e-01
1.336113419383764267e-01
1.335841640830039978e-01
1.335043925791978836e-01
1.334647424519062042e-01
1.334405746310949326e-01
1.333692893385887146e-01
1.333336215466260910e-01
1.332835312932729721e-01
1.332228034734725952e-01
7.806305121630430222e-02
7.802028302103281021e-02
7.801551651209592819e-02
7.801434211432933807e-02
7.796375639736652374e-02
7.796993386000394821e-02
7.794781401753425598e-02
7.792324852198362350e-02
7.793717551976442337e-02
7.788021862506866455e-02
7.787743862718343735e-02
7.787996623665094376e-02
7.783481385558843613e-02
7.784542720764875412e-02
7.782551646232604980e-02
7.779252994805574417e-02
7.779705151915550232e-02
7.774959877133369446e-02
7.774162292480468750e-02
7.774905115365982056e-02
1.325833499431610107e-01
1.325479857623577118e-01
1.324983984231948853e-01
1.324382331222295761e-01
1.324147954583168030e-01
1.323411315679550171e-01
1.323049571365118027e-01
1.322722695767879486e-01
1.321910470724105835e-01
1.321656405925750732e-01
1.321123838424682617e-01
1.320567522197961807e-01
1.320388857275247574e-01
1.319514140486717224e-01
1.319172419607639313e-01
1.318882070481777191e-01
1.318124402314424515e-01
1.317912936210632324e-01
1.317402459681034088e-01
1.316765155643224716e-01
7.691215816885232925e-02
7.686534151434898376e-02
7.685731537640094757e-02
7.686458621174097061e-02
7.682595867663621902e-02
7.682189345359802246e-02
7.680393662303686142e-02
7.677558902651071548e-02
7.678315229713916779e-02
7.674143090844154358e-02
7.673645485192537308e-02
7.673518359661102295e-02
7.668597623705863953e-02
7.669164426624774933e-02
7.666992768645286560e-02
7.664579432457685471e-02
7.665916066616773605e-02
7.660364825278520584e-02
7.660068944096565247e-02
7.660282403230667114e-02
1.310787312686443329e-01
1.310577765107154846e-01
1.310074012726545334e-01
1.309442929923534393e-01
1.309175603091716766e-01
1.308404263108968735e-01
1.308015733957290649e-01
1.307777371257543564e-01
1.307086814194917679e-01
1.306737698614597321e-01
1.306252218782901764e-01
1.305661331862211227e-01
1.305427234619855881e-01
1.304706223309040070e-01
1.304348185658454895e-01
1.304026655852794647e-01
1.303232386708259583e-01
1.302978433668613434e-01
1.302456278353929520e-01
1.301908567547798157e-01
7.548024877905845642e-02
7.542543765157461166e-02
7.542257662862539291e-02
7.542467955499887466e-02
7.538128457963466644e-02
7.539105135947465897e-02
7.537175528705120087e-02
7.533993385732173920e-02
7.534399535506963730e-02
7.529818825423717499e-02
7.529043778777122498e-02
7.529736589640378952e-02
7.525959983468055725e-02
7.525557372719049454e-02
7.523807045072317123e-02
7.521017827093601227e-02
7.521750591695308685e-02
7.517676148563623428e-02
7.517163641750812531e-02
7.517045736312866211e-02
1.298708431422710419e-01
1.298456601798534393e-01
1.297935601323843002e-01
1.297392155975103378e-01
1.297212988138198853e-01
1.296364497393369675e-01
1.296028401702642441e-01
1.295740883797407150e-01
1.295003686100244522e-01
1.294792946428060532e-01
1.294293887913227081e-01
1.293672621250152588e-01
1.293404232710599899e-01
1.292645484209060669e-01
1.292260568588972092e-01
1.292021069675683975e-01
1.291341166943311691e-01
1.290995031595230103e-01
1.290514338761568069e-01
1.289929151535034180e-01
7.433568406850099564e-02
7.429537922143936157e-02
7.429031748324632645e-02
7.428908813744783401e-02
7.424150221049785614e-02
7.424674928188323975e-02
7.422570325434207916e-02
7.420217804610729218e-02
7.421479001641273499e-02
7.416133303195238113e-02
7.415834907442331314e-02
7.416011951863765717e-02
7.411757763475179672e-02
7.412709482014179230e-02
7.410807255655527115e-02
7.407681364566087723e-02
7.408074848353862762e-02
7.403597515076398849e-02
7.402808591723442078e-02
7.403471227735280991e-02
1.284360624849796295e-01
1.284017171710729599e-01
1.283541303128004074e-01
1.282963287085294724e-01
1.282729804515838623e-01
1.282027177512645721e-01
1.281673982739448547e-01
1.281357109546661377e-01
1.280582230538129807e-01
1.280331704765558243e-01
1.279819197952747345e-01
1.279284246265888214e-01
1.279104575514793396e-01
1.278272662311792374e-01
1.277939621359109879e-01
1.277654599398374557e-01
1.276930291205644608e-01
1.276720948517322540e-01
1.276228595525026321e-01
1.275617238134145737e-01
7.326032314449548721e-02
7.321598473936319351e-02
7.320815790444612503e-02
7.321464829146862030e-02
7.317784894257783890e-02
7.317383680492639542e-02
7.315674796700477600e-02
7.312953006476163864e-02
7.313633244484663010e-02
7.309677265584468842e-02
7.309165224432945251e-02
7.309030648320913315e-02
7.304345816373825073e-02
7.304855529218912125e-02
7.302781380712985992e-02
7.300475332885980606e-02
7.301687542349100113e-02
7.296440377831459045e-02
7.296140305697917938e-02
7.296304870396852493e-02
1.270170882344245911e-01
1.269964613020420074e-01
1.269477605819702148e-01
1.268874239176511765e-01
1.268609929829835892e-01
1.267874743789434433e-01
1.267496868968009949e-01
1.267262063920497894e-01
1.266600023955106735e-01
1.266262494027614594e-01
1.265793684870004654e-01
1.265224814414978027e-01
1.264995802193880081e-01
1.264306139200925827e-01
1.263955663889646530e-01
1.263645216822624207e-01
1.262885536998510361e-01
1.262636072933673859e-01
1.262131836265325546e-01
1.261606682091951370e-01
7.191144861280918121e-02
7.185954600572586060e-02
7.185657788068056107e-02
7.185815833508968353e-02
7.181681040674448013e-02
7.182583957910537720e-02
7.180722523480653763e-02
7.177695166319608688e-02
7.178041711449623108e-02
7.173695415258407593e-02
7.172928564250469208e-02
7.173546962440013885e-02
7.169944327324628830e-02
7.169547583907842636e-02
7.167859002947807312e-02
7.165184430778026581e-02
7.165853120386600494e-02
7.161972951143980026e-02
7.161465752869844437e-02
7.161335460841655731e-02
0.000000000000000000e+00
0.000000000000000000e+00
0.000000000000000000e+00
0.000000000000000000e+00
0.000000000000000000e+00
0.000000000000000000e+00
0.000000000000000000e+00
0.000000000000000000e+00
0.000000000000000000e+00
0.000000000000000000e+00
0.000000000000000000e+00
0.000000000000000000e+00
0.000000000000000000e+00
0.000000000000000000e+00
0.000000000000000000e+00
0.000000000000000000e+00
0.000000000000000000e+00
0.000000000000000000e+00
0.000000000000000000e+00
0.000000000000000000e+00
0.000000000000000000e+00
0.000000000000000000e+00
0.000000000000000000e+00
0.000000000000000000e+00
0.000000000000000000e+00
0.000000000000000000e+00
0.000000000000000000e+00
0.000000000000000000e+00
0.000000000000000000e+00
0.000000000000000000e+00
0.000000000000000000e+00
0.000000000000000000e+00
0.000000000000000000e+00
0.000000000000000000e+00
0.000000000000000000e+00
0.000000000000000000e+00
0.000000000000000000e+00
0.000000000000000000e+00
0.000000000000000000e+00
0.000000000000000000e+00
0.000000000000000000e+00
0.000000000000000000e+00
0.000000000000000000e+00
0.000000000000000000e+00
0.000000000000000000e+00
0.000000000000000000e+00
0.000000000000000000e+00
0.000000000000000000e+00
0.000000000000000000e+00
0.000000000000000000e+00
0.000000000000000000e+00
0.000000000000000000e+00
0.000000000000000000e+00
0.000000000000000000e+00
0.000000000000000000e+00
0.000000000000000000e+00
0.000000000000000000e+00
0.000000000000000000e+00
0.000000000000000000e+00
0.000000000000000000e+00
0.000000000000000000e+00
0.000000000000000000e+00
0.000000000000000000e+00
0.000000000000000000e+00
0.000000000000000000e+00
0.000000000000000000e+00
0.000000000000000000e+00
0.000000000000000000e+00
0.000000000000000000e+00
0.000000000000000000e+00
0.000000000000000000e+00
0.000000000000000000e+00
0.000000000000000000e+00
0.000000000000000000e+00
0.000000000000000000e+00
0.000000000000000000e+00
0.000000000000000000e+00
0.000000000000000000e+00
0.000000000000000000e+00
0.000000000000000000e+00
0.000000000000000000e+00
0.000000000000000000e+00
0.000000000000000000e+00
0.000000000000000000e+00
0.000000000000000000e+00
0.000000000000000000e+00
0.000000000000000000e+00
0.000000000000000000e+00
0.000000000000000000e+00
0.000000000000000000e+00
0.000000000000000000e+00
0.000000000000000000e+00
0.000000000000000000e+00
0.000000000000000000e+00
0.000000000000000000e+00
0.000000000000000000e+00
0.000000000000000000e+00
0.000000000000000000e+00
0.000000000000000000e+00
0.000000000000000000e+00
0.000000000000000000e+00
0.000000000000000000e+00
0.000000000000000000e+00
0.000000000000000000e+00
0.000000000000000000e+00
0.000000000000000000e+00
0.000000000000000000e+00
0.000000000000000000e+00
0.000000000000000000e+00
0.000000000000000000e+00
0.000000000000000000e+00
0.000000000000000000e+00
0.000000000000000000e+00
0.000000000000000000e+00
0.000000000000000000e+00
0.000000000000000000e+00
0.000000000000000000e+00
0.000000000000000000e+00
0.000000000000000000e+00
0.000000000000000000e+00
0.000000000000000000e+00
0.000000000000000000e+00
0.000000000000000000e+00
0.000000000000000000e+00
0.000000000000000000e+00
0.000000000000000000e+00
0.000000000000000000e+00
0.000000000000000000e+00
0.000000000000000000e+00
0.000000000000000000e+00
0.000000000000000000e+00
0.000000000000000000e+00
0.000000000000000000e+00
0.000000000000000000e+00
0.000000000000000000e+00
0.000000000000000000e+00
0.000000000000000000e+00
0.000000000000000000e+00
0.000000000000000000e+00
0.000000000000000000e+00
0.000000000000000000e+00
0.000000000000000000e+00
0.000000000000000000e+00
0.000000000000000000e+00
0.000000000000000000e+00
0.000000000000000000e+00
0.000000000000000000e+00
0.000000000000000000e+00
0.000000000000000000e+00
0.000000000000000000e+00
0.000000000000000000e+00
0.000000000000000000e+00
0.000000000000000000e+00
0.000000000000000000e+00
0.000000000000000000e+00
0.000000000000000000e+00
0.000000000000000000e+00
0.000000000000000000e+00
0.000000000000000000e+00
0.000000000000000000e+00
0.000000000000000000e+00
0.000000000000000000e+00
0.000000000000000000e+00
0.000000000000000000e+00
0.000000000000000000e+00
0.000000000000000000e+00
0.000000000000000000e+00
0.000000000000000000e+00
0.000000000000000000e+00
0.000000000000000000e+00
0.000000000000000000e+00
0.000000000000000000e+00
0.000000000000000000e+00
0.000000000000000000e+00
0.000000000000000000e+00
0.000000000000000000e+00
0.000000000000000000e+00
0.000000000000000000e+00
0.000000000000000000e+00
0.000000000000000000e+00
0.000000000000000000e+00
0.000000000000000000e+00
0.000000000000000000e+00
0.000000000000000000e+00
0.000000000000000000e+00
0.000000000000000000e+00
0.000000000000000000e+00
0.000000000000000000e+00
0.000000000000000000e+00
0.000000000000000000e+00
0.000000000000000000e+00
0.000000000000000000e+00
0.000000000000000000e+00
0.000000000000000000e+00
0.000000000000000000e+00
0.000000000000000000e+00
0.000000000000000000e+00
0.000000000000000000e+00
0.000000000000000000e+00
0.000000000000000000e+00
0.000000000000000000e+00
0.000000000000000000e+00
0.000000000000000000e+00
0.000000000000000000e+00
0.000000000000000000e+00
0.000000000000000000e+00
0.000000000000000000e+00
0.000000000000000000e+00
0.000000000000000000e+00
0.000000000000000000e+00
0.000000000000000000e+00
0.000000000000000000e+00
0.000000000000000000e+00
0.000000000000000000e+00
0.000000000000000000e+00
0.000000000000000000e+00
0.000000000000000000e+00
0.000000000000000000e+00
0.000000000000000000e+00
0.000000000000000000e+00
0.000000000000000000e+00
0.000000000000000000e+00
0.000000000000000000e+00
0.000000000000000000e+00
0.000000000000000000e+00
0.000000000000000000e+00
0.000000000000000000e+00
0.000000000000000000e+00
0.000000000000000000e+00
0.000000000000000000e+00
0.000000000000000000e+00
0.000000000000000000e+00
0.000000000000000000e+00
0.000000000000000000e+00
0.000000000000000000e+00
0.000000000000000000e+00
0.000000000000000000e+00
0.000000000000000000e+00
0.000000000000000000e+00
0.000000000000000000e+00
0.000000000000000000e+00
0.000000000000000000e+00
0.000000000000000000e+00
0.000000000000000000e+00
0.000000000000000000e+00
0.000000000000000000e+00
0.000000000000000000e+00
0.000000000000000000e+00
0.000000000000000000e+00
0.000000000000000000e+00
0.000000000000000000e+00
0.000000000000000000e+00
0.000000000000000000e+00
0.000000000000000000e+00
0.000000000000000000e+00
0.000000000000000000e+00
0.000000000000000000e+00
0.000000000000000000e+00
0.000000000000000000e+00
0.000000000000000000e+00
0.000000000000000000e+00
0.000000000000000000e+00
0.000000000000000000e+00
0.000000000000000000e+00
0.000000000000000000e+00
0.000000000000000000e+00
0.000000000000000000e+00
0.000000000000000000e+00
0.000000000000000000e+00
0.000000000000000000e+00
0.000000000000000000e+00
0.000000000000000000e+00
0.000000000000000000e+00
0.000000000000000000e+00
0.000000000000000000e+00
0.000000000000000000e+00
0.000000000000000000e+00
0.000000000000000000e+00
0.000000000000000000e+00
0.000000000000000000e+00
0.000000000000000000e+00
0.000000000000000000e+00
0.000000000000000000e+00
0.000000000000000000e+00
0.000000000000000000e+00
0.000000000000000000e+00
0.000000000000000000e+00
0.000000000000000000e+00
0.000000000000000000e+00
0.000000000000000000e+00
0.000000000000000000e+00
0.000000000000000000e+00
0.000000000000000000e+00
0.000000000000000000e+00
0.000000000000000000e+00
0.000000000000000000e+00
0.000000000000000000e+00
0.000000000000000000e+00
0.000000000000000000e+00
0.000000000000000000e+00
0.000000000000000000e+00
0.000000000000000000e+00
0.000000000000000000e+00
0.000000000000000000e+00
0.000000000000000000e+00
0.000000000000000000e+00
0.000000000000000000e+00
0.000000000000000000e+00
0.000000000000000000e+00
0.000000000000000000e+00
0.000000000000000000e+00
0.000000000000000000e+00
0.000000000000000000e+00
0.000000000000000000e+00
0.000000000000000000e+00
0.000000000000000000e+00
0.000000000000000000e+00
0.000000000000000000e+00
0.000000000000000000e+00
0.000000000000000000e+00
0.000000000000000000e+00
0.000000000000000000e+00
0.000000000000000000e+00
0.000000000000000000e+00
0.000000000000000000e+00
0.000000000000000000e+00
0.000000000000000000e+00
0.000000000000000000e+00
0.000000000000000000e+00
0.000000000000000000e+00
0.000000000000000000e+00
0.000000000000000000e+00
0.000000000000000000e+00
0.000000000000000000e+00
0.000000000000000000e+00
0.000000000000000000e+00
0.000000000000000000e+00
0.000000000000000000e+00
0.000000000000000000e+00
0.000000000000000000e+00
0.000000000000000000e+00
0.000000000000000000e+00
0.000000000000000000e+00
0.000000000000000000e+00
0.000000000000000000e+00
0.000000000000000000e+00
0.000000000000000000e+00
0.000000000000000000e+00
0.000000000000000000e+00
0.000000000000000000e+00
0.000000000000000000e+00
0.000000000000000000e+00
0.000000000000000000e+00
0.000000000000000000e+00
0.000000000000000000e+00
0.000000000000000000e+00
0.000000000000000000e+00
0.000000000000000000e+00
0.000000000000000000e+00
0.000000000000000000e+00
0.000000000000000000e+00
0.000000000000000000e+00
0.000000000000000000e+00
0.000000000000000000e+00
0.000000000000000000e+00
0.000000000000000000e+00
0.000000000000000000e+00
0.000000000000000000e+00
0.000000000000000000e+00
0.000000000000000000e+00
0.000000000000000000e+00
0.000000000000000000e+00
0.000000000000000000e+00
0.000000000000000000e+00
0.000000000000000000e+00
0.000000000000000000e+00
0.000000000000000000e+00
0.000000000000000000e+00
0.000000000000000000e+00
0.000000000000000000e+00
0.000000000000000000e+00
0.000000000000000000e+00
0.000000000000000000e+00
0.000000000000000000e+00
0.000000000000000000e+00
0.000000000000000000e+00
0.000000000000000000e+00
0.000000000000000000e+00
0.000000000000000000e+00
0.000000000000000000e+00
0.000000000000000000e+00
0.000000000000000000e+00
0.000000000000000000e+00
0.000000000000000000e+00
0.000000000000000000e+00
0.000000000000000000e+00
0.000000000000000000e+00
0.000000000000000000e+00
0.000000000000000000e+00
0.000000000000000000e+00
0.000000000000000000e+00
0.000000000000000000e+00
0.000000000000000000e+00
0.000000000000000000e+00
0.000000000000000000e+00
0.000000000000000000e+00
0.000000000000000000e+00
0.000000000000000000e+00
0.000000000000000000e+00
0.000000000000000000e+00
0.000000000000000000e+00
0.000000000000000000e+00
0.000000000000000000e+00
0.000000000000000000e+00
0.000000000000000000e+00
0.000000000000000000e+00
0.000000000000000000e+00
0.000000000000000000e+00
0.000000000000000000e+00
0.000000000000000000e+00
0.000000000000000000e+00
0.000000000000000000e+00
0.000000000000000000e+00
0.000000000000000000e+00
0.000000000000000000e+00
0.000000000000000000e+00
0.000000000000000000e+00
0.000000000000000000e+00
0.000000000000000000e+00
0.000000000000000000e+00
0.000000000000000000e+00
0.000000000000000000e+00
0.000000000000000000e+00
0.000000000000000000e+00
0.000000000000000000e+00
0.000000000000000000e+00
0.000000000000000000e+00
0.000000000000000000e+00
0.000000000000000000e+00
0.000000000000000000e+00
0.000000000000000000e+00
0.000000000000000000e+00
0.000000000000000000e+00
0.000000000000000000e+00
0.000000000000000000e+00
0.000000000000000000e+00
0.000000000000000000e+00
0.000000000000000000e+00
0.000000000000000000e+00
0.000000000000000000e+00
0.000000000000000000e+00
0.000000000000000000e+00
0.000000000000000000e+00
0.000000000000000000e+00
0.000000000000000000e+00
0.000000000000000000e+00
0.000000000000000000e+00
0.000000000000000000e+00
0.000000000000000000e+00
0.000000000000000000e+00
0.000000000000000000e+00
0.000000000000000000e+00
0.000000000000000000e+00
0.000000000000000000e+00
0.000000000000000000e+00
0.000000000000000000e+00
0.000000000000000000e+00
0.000000000000000000e+00
0.000000000000000000e+00
0.000000000000000000e+00
0.000000000000000000e+00
0.000000000000000000e+00
0.000000000000000000e+00
0.000000000000000000e+00
0.000000000000000000e+00
0.000000000000000000e+00
0.000000000000000000e+00
0.000000000000000000e+00
0.000000000000000000e+00
0.000000000000000000e+00
0.000000000000000000e+00
0.000000000000000000e+00
0.000000000000000000e+00
0.000000000000000000e+00
0.000000000000000000e+00
0.000000000000000000e+00
0.000000000000000000e+00
0.000000000000000000e+00
0.000000000000000000e+00
0.000000000000000000e+00
0.000000000000000000e+00
0.000000000000000000e+00
0.000000000000000000e+00
0.000000000000000000e+00
0.000000000000000000e+00
0.000000000000000000e+00
0.000000000000000000e+00
0.000000000000000000e+00
0.000000000000000000e+00
0.000000000000000000e+00
0.000000000000000000e+00
0.000000000000000000e+00
0.000000000000000000e+00
0.000000000000000000e+00
0.000000000000000000e+00
0.000000000000000000e+00
0.000000000000000000e+00
0.000000000000000000e+00
0.000000000000000000e+00
0.000000000000000000e+00
0.000000000000000000e+00
0.000000000000000000e+00
0.000000000000000000e+00
0.000000000000000000e+00
0.000000000000000000e+00
0.000000000000000000e+00
0.000000000000000000e+00
0.000000000000000000e+00
0.000000000000000000e+00
0.000000000000000000e+00
0.000000000000000000e+00
0.000000000000000000e+00
0.000000000000000000e+00
0.000000000000000000e+00
0.000000000000000000e+00
0.000000000000000000e+00
0.000000000000000000e+00
0.000000000000000000e+00
0.000000000000000000e+00
0.000000000000000000e+00
0.000000000000000000e+00
0.000000000000000000e+00
0.000000000000000000e+00
0.000000000000000000e+00
0.000000000000000000e+00
0.000000000000000000e+00
0.000000000000000000e+00
0.000000000000000000e+00
0.000000000000000000e+00
0.000000000000000000e+00
0.000000000000000000e+00
0.000000000000000000e+00
0.000000000000000000e+00
0.000000000000000000e+00
0.000000000000000000e+00
0.000000000000000000e+00
0.000000000000000000e+00
0.000000000000000000e+00
0.000000000000000000e+00
0.000000000000000000e+00
0.000000000000000000e+00
0.000000000000000000e+00
0.000000000000000000e+00
0.000000000000000000e+00
0.000000000000000000e+00
0.000000000000000000e+00
0.000000000000000000e+00
0.000000000000000000e+00
0.000000000000000000e+00
0.000000000000000000e+00
0.000000000000000000e+00
0.000000000000000000e+00
0.000000000000000000e+00
0.000000000000000000e+00
0.000000000000000000e+00
0.000000000000000000e+00
0.000000000000000000e+00
0.000000000000000000e+00
0.000000000000000000e+00
0.000000000000000000e+00
0.000000000000000000e+00
0.000000000000000000e+00
0.000000000000000000e+00
0.000000000000000000e+00
0.000000000000000000e+00
0.000000000000000000e+00
0.000000000000000000e+00
0.000000000000000000e+00
0.000000000000000000e+00
0.000000000000000000e+00
0.000000000000000000e+00
0.000000000000000000e+00
0.000000000000000000e+00
0.000000000000000000e+00
0.000000000000000000e+00
0.000000000000000000e+00
0.000000000000000000e+00
0.000000000000000000e+00
0.000000000000000000e+00
0.000000000000000000e+00
0.000000000000000000e+00
0.000000000000000000e+00
0.000000000000000000e+00
0.000000000000000000e+00
0.000000000000000000e+00
0.000000000000000000e+00
0.000000000000000000e+00
0.000000000000000000e+00
0.000000000000000000e+00
0.000000000000000000e+00
0.000000000000000000e+00
0.000000000000000000e+00
0.000000000000000000e+00
0.000000000000000000e+00
0.000000000000000000e+00
0.000000000000000000e+00
0.000000000000000000e+00
0.000000000000000000e+00
0.000000000000000000e+00
0.000000000000000000e+00
0.000000000000000000e+00
0.000000000000000000e+00
0.000000000000000000e+00
0.000000000000000000e+00
0.000000000000000000e+00
0.000000000000000000e+00
0.000000000000000000e+00
0.000000000000000000e+00
0.000000000000000000e+00
0.000000000000000000e+00
0.000000000000000000e+00
0.000000000000000000e+00
0.000000000000000000e+00
0.000000000000000000e+00
0.000000000000000000e+00
0.000000000000000000e+00
0.000000000000000000e+00
0.000000000000000000e+00
0.000000000000000000e+00
0.000000000000000000e+00
0.000000000000000000e+00
0.000000000000000000e+00
0.000000000000000000e+00
0.000000000000000000e+00
0.000000000000000000e+00
0.000000000000000000e+00
0.000000000000000000e+00
0.000000000000000000e+00
0.000000000000000000e+00
0.000000000000000000e+00
0.000000000000000000e+00
0.000000000000000000e+00
0.000000000000000000e+00
0.000000000000000000e+00
0.000000000000000000e+00
0.000000000000000000e+00
0.000000000000000000e+00
0.000000000000000000e+00
0.000000000000000000e+00
0.000000000000000000e+00
0.000000000000000000e+00
0.000000000000000000e+00
0.000000000000000000e+00
0.000000000000000000e+00
0.000000000000000000e+00
0.000000000000000000e+00
0.000000000000000000e+00
0.000000000000000000e+00
0.000000000000000000e+00
0.000000000000000000e+00
0.000000000000000000e+00
0.000000000000000000e+00
0.000000000000000000e+00
0.000000000000000000e+00
0.000000000000000000e+00
0.000000000000000000e+00
0.000000000000000000e+00
0.000000000000000000e+00
0.000000000000000000e+00
0.000000000000000000e+00
0.000000000000000000e+00
0.000000000000000000e+00
0.000000000000000000e+00
0.000000000000000000e+00
0.000000000000000000e+00
0.000000000000000000e+00
0.000000000000000000e+00
0.000000000000000000e+00
0.000000000000000000e+00
0.000000000000000000e+00
0.000000000000000000e+00
0.000000000000000000e+00
0.000000000000000000e+00
0.000000000000000000e+00
0.000000000000000000e+00
0.000000000000000000e+00
0.000000000000000000e+00
0.000000000000000000e+00
0.000000000000000000e+00
0.000000000000000000e+00
0.000000000000000000e+00
0.000000000000000000e+00
0.000000000000000000e+00
0.000000000000000000e+00
0.000000000000000000e+00
0.000000000000000000e+00
0.000000000000000000e+00
0.000000000000000000e+00
0.000000000000000000e+00
0.000000000000000000e+00
0.000000000000000000e+00
0.000000000000000000e+00
0.000000000000000000e+00
0.000000000000000000e+00
0.000000000000000000e+00
0.000000000000000000e+00
0.000000000000000000e+00
0.000000000000000000e+00
0.000000000000000000e+00
0.000000000000000000e+00
0.000000000000000000e+00
0.000000000000000000e+00
0.000000000000000000e+00
0.000000000000000000e+00
0.000000000000000000e+00
0.000000000000000000e+00
0.000000000000000000e+00
0.000000000000000000e+00
0.000000000000000000e+00
0.000000000000000000e+00
0.000000000000000000e+00
0.000000000000000000e+00
0.000000000000000000e+00
0.000000000000000000e+00
0.000000000000000000e+00
0.000000000000000000e+00
0.000000000000000000e+00
0.000000000000000000e+00
0.000000000000000000e+00
0.000000000000000000e+00
0.000000000000000000e+00
0.000000000000000000e+00
0.000000000000000000e+00
0.000000000000000000e+00
0.000000000000000000e+00
0.000000000000000000e+00
0.000000000000000000e+00
0.000000000000000000e+00
0.000000000000000000e+00
0.000000000000000000e+00
0.000000000000000000e+00
0.000000000000000000e+00
0.000000000000000000e+00
0.000000000000000000e+00
0.000000000000000000e+00
0.000000000000000000e+00
0.000000000000000000e+00
0.000000000000000000e+00
0.000000000000000000e+00
0.000000000000000000e+00
0.000000000000000000e+00
0.000000000000000000e+00
0.000000000000000000e+00
0.000000000000000000e+00
0.000000000000000000e+00
0.000000000000000000e+00
0.000000000000000000e+00
0.000000000000000000e+00
0.000000000000000000e+00
0.000000000000000000e+00
0.000000000000000000e+00
0.000000000000000000e+00
0.000000000000000000e+00
0.000000000000000000e+00
0.000000000000000000e+00
0.000000000000000000e+00
0.000000000000000000e+00
0.000000000000000000e+00
0.000000000000000000e+00
0.000000000000000000e+00
0.000000000000000000e+00
0.000000000000000000e+00
0.000000000000000000e+00
0.000000000000000000e+00
0.000000000000000000e+00
0.000000000000000000e+00
0.000000000000000000e+00
0.000000000000000000e+00
0.000000000000000000e+00
0.000000000000000000e+00
0.000000000000000000e+00
0.000000000000000000e+00
0.000000000000000000e+00
0.000000000000000000e+00
0.000000000000000000e+00
0.000000000000000000e+00
0.000000000000000000e+00
0.000000000000000000e+00
0.000000000000000000e+00
0.000000000000000000e+00
0.000000000000000000e+00
0.000000000000000000e+00
0.000000000000000000e+00
0.000000000000000000e+00
0.000000000000000000e+00
0.000000000000000000e+00
0.000000000000000000e+00
0.000000000000000000e+00
0.000000000000000000e+00
0.000000000000000000e+00
0.000000000000000000e+00
0.000000000000000000e+00
0.000000000000000000e+00
0.000000000000000000e+00
0.000000000000000000e+00
0.000000000000000000e+00
0.000000000000000000e+00
0.000000000000000000e+00
0.000000000000000000e+00
0.000000000000000000e+00
0.000000000000000000e+00
0.000000000000000000e+00
0.000000000000000000e+00
0.000000000000000000e+00
0.000000000000000000e+00
0.000000000000000000e+00
0.000000000000000000e+00
0.000000000000000000e+00
0.000000000000000000e+00
0.000000000000000000e+00
0.000000000000000000e+00
0.000000000000000000e+00
0.000000000000000000e+00
0.000000000000000000e+00
0.000000000000000000e+00
0.000000000000000000e+00
0.000000000000000000e+00
0.000000000000000000e+00
0.000000000000000000e+00
0.000000000000000000e+00
0.000000000000000000e+00
0.000000000000000000e+00
0.000000000000000000e+00
0.000000000000000000e+00
0.000000000000000000e+00
0.000000000000000000e+00
0.000000000000000000e+00
0.000000000000000000e+00
0.000000000000000000e+00
0.000000000000000000e+00
0.000000000000000000e+00
0.000000000000000000e+00
0.000000000000000000e+00
0.000000000000000000e+00
0.000000000000000000e+00
0.000000000000000000e+00
0.000000000000000000e+00
0.000000000000000000e+00
0.000000000000000000e+00
0.000000000000000000e+00
0.000000000000000000e+00
0.000000000000000000e+00
0.000000000000000000e+00
0.000000000000000000e+00
0.000000000000000000e+00
0.000000000000000000e+00
0.000000000000000000e+00
0.000000000000000000e+00
0.000000000000000000e+00
0.000000000000000000e+00
0.000000000000000000e+00
0.000000000000000000e+00
0.000000000000000000e+00
0.000000000000000000e+00
0.000000000000000000e+00
0.000000000000000000e+00
0.000000000000000000e+00
0.000000000000000000e+00
0.000000000000000000e+00
0.000000000000000000e+00
0.000000000000000000e+00
0.000000000000000000e+00
0.000000000000000000e+00
0.000000000000000000e+00
0.000000000000000000e+00
0.000000000000000000e+00
0.000000000000000000e+00
0.000000000000000000e+00
0.000000000000000000e+00
0.000000000000000000e+00
0.000000000000000000e+00
0.000000000000000000e+00
0.000000000000000000e+00
0.000000000000000000e+00
0.000000000000000000e+00
0.000000000000000000e+00
0.000000000000000000e+00
0.000000000000000000e+00
0.000000000000000000e+00
0.000000000000000000e+00
0.000000000000000000e+00
0.000000000000000000e+00
0.000000000000000000e+00
0.000000000000000000e+00
0.000000000000000000e+00
0.000000000000000000e+00
0.000000000000000000e+00
0.000000000000000000e+00
0.000000000000000000e+00
0.000000000000000000e+00
0.000000000000000000e+00
0.000000000000000000e+00
0.000000000000000000e+00
0.000000000000000000e+00
0.000000000000000000e+00
0.000000000000000000e+00
0.000000000000000000e+00
0.000000000000000000e+00
0.000000000000000000e+00
0.000000000000000000e+00
0.000000000000000000e+00
0.000000000000000000e+00
0.000000000000000000e+00
0.000000000000000000e+00
0.000000000000000000e+00
0.000000000000000000e+00
0.000000000000000000e+00
0.000000000000000000e+00
0.000000000000000000e+00
0.000000000000000000e+00
0.000000000000000000e+00
0.000000000000000000e+00
0.000000000000000000e+00
0.000000000000000000e+00
0.000000000000000000e+00
0.000000000000000000e+00
0.000000000000000000e+00
0.000000000000000000e+00
0.000000000000000000e+00
0.000000000000000000e+00
0.000000000000000000e+00
0.000000000000000000e+00
0.000000000000000000e+00
0.000000000000000000e+00
0.000000000000000000e+00
0.000000000000000000e+00
0.000000000000000000e+00
0.000000000000000000e+00
0.000000000000000000e+00
0.000000000000000000e+00
0.000000000000000000e+00
0.000000000000000000e+00
0.000000000000000000e+00
0.000000000000000000e+00
0.000000000000000000e+00
0.000000000000000000e+00
0.000000000000000000e+00
0.000000000000000000e+00
0.000000000000000000e+00
0.000000000000000000e+00
0.000000000000000000e+00
0.000000000000000000e+00
0.000000000000000000e+00
0.000000000000000000e+00
0.000000000000000000e+00
0.000000000000000000e+00
0.000000000000000000e+00
0.000000000000000000e+00
0.000000000000000000e+00
0.000000000000000000e+00
0.000000000000000000e+00
0.000000000000000000e+00
0.000000000000000000e+00
0.000000000000000000e+00
0.000000000000000000e+00
0.000000000000000000e+00
0.000000000000000000e+00
0.000000000000000000e+00
0.000000000000000000e+00
0.000000000000000000e+00
0.000000000000000000e+00
0.000000000000000000e+00
0.000000000000000000e+00
0.000000000000000000e+00
0.000000000000000000e+00
0.000000000000000000e+00
0.000000000000000000e+00
0.000000000000000000e+00
0.000000000000000000e+00
0.000000000000000000e+00
0.000000000000000000e+00
0.000000000000000000e+00
0.000000000000000000e+00
0.000000000000000000e+00
0.000000000000000000e+00
0.000000000000000000e+00
0.000000000000000000e+00
0.000000000000000000e+00
0.000000000000000000e+00
0.000000000000000000e+00
0.000000000000000000e+00
0.000000000000000000e+00
0.000000000000000000e+00
0.000000000000000000e+00
0.000000000000000000e+00
0.000000000000000000e+00
0.000000000000000000e+00
0.000000000000000000e+00
0.000000000000000000e+00
0.000000000000000000e+00
