2.983719140291213989e+00
2.574496343731880188e+00
2.488962441682815552e+00
1.822320252656936646e+00
2.866691619157791138e+00
1.758126147091388702e+00
1.125029012560844421e+00
9.779788777232170105e-01
6.854267492890357971e-01
8.094053938984870911e-01
6.514889262616634369e-01
3.034728989005088806e-01
2.329468261450529099e-01
2.059963755309581757e-01
1.946277208626270294e-01
1.790378242731094360e-01
1.680664606392383575e-01
1.582825239747762680e-01
1.518301889300346375e-01
1.505561061203479767e-01
1.402819119393825531e-01
1.421413011848926544e-01
1.327430997043848038e-01
1.310869716107845306e-01
1.278292369097471237e-01
1.249842047691345215e-01
1.247484739869832993e-01
1.222135350108146667e-01
1.210508309304714203e-01
1.194750405848026276e-01
1.178639717400074005e-01
1.182331722229719162e-01
1.155961900949478149e-01
1.156845185905694962e-01
1.140071973204612732e-01
1.130801234394311905e-01
1.114091183990240097e-01
1.108897682279348373e-01
1.106356754899024963e-01
1.101684775203466415e-01
1.095924768596887589e-01
1.088833790272474289e-01
1.086071133613586426e-01
1.086493432521820068e-01
1.071558482944965363e-01
1.074510775506496429e-01
1.065361760556697845e-01
1.062761433422565460e-01
1.056023687124252319e-01
1.051078811287879944e-01
1.053023636341094971e-01
1.047839857637882233e-01
1.044337432831525803e-01
1.042308714240789413e-01
1.038985550403594971e-01
1.041164733469486237e-01
1.033002194017171860e-01
1.032788343727588654e-01
1.030421089380979538e-01
1.027294099330902100e-01
1.124348212033510208e-01
1.123128868639469147e-01
1.123100407421588898e-01
1.121979001909494400e-01
1.119724474847316742e-01
1.117436401546001434e-01
1.117261573672294617e-01
1.117537263780832291e-01
1.110838521271944046e-01
1.112001296132802963e-01
1.109290923923254013e-01
1.108456272631883621e-01
1.105092950165271759e-01
1.102905236184597015e-01
1.104635968804359436e-01
1.102166064083576202e-01
1.100292261689901352e-01
1.099766176193952560e-01
1.098429523408412933e-01
1.099863350391387939e-01
1.719291992485523224e-01
1.718645468354225159e-01
1.718239858746528625e-01
1.716226376593112946e-01
1.712540015578269958e-01
1.711825430393218994e-01
1.711986325681209564e-01
1.711346060037612915e-01
1.709866113960742950e-01
1.708416715264320374e-01
1.708502620458602905e-01
1.708434484899044037e-01
1.704123206436634064e-01
1.704484894871711731e-01
1.703212149441242218e-01
1.702558845281600952e-01
1.700203455984592438e-01
1.698568053543567657e-01
1.699829399585723877e-01
1.698068529367446899e-01
1.072775069624185562e-01
1.072613950818777084e-01
1.071856636554002762e-01
1.072956901043653488e-01
1.069904435425996780e-01
1.069434713572263718e-01
1.069715097546577454e-01
1.068437714129686356e-01
1.065997462719678879e-01
1.065724305808544159e-01
1.066058743745088577e-01
1.065809037536382675e-01
1.064895931631326675e-01
1.064072363078594208e-01
1.064419597387313843e-01
1.064480654895305634e-01
1.061462350189685822e-01
1.061819400638341904e-01
1.061343587934970856e-01
1.061001606285572052e-01
1.304593831300735474e-01
1.303581651300191879e-01
1.304601095616817474e-01
1.303391642868518829e-01
1.302346903830766678e-01
1.302228942513465881e-01
1.301691327244043350e-01
1.302436888217926025e-01
1.300074197351932526e-01
1.299527511000633240e-01
1.299903634935617447e-01
1.298821624368429184e-01
1.296884473413228989e-01
1.296629607677459717e-01
1.296861972659826279e-01
1.296627819538116455e-01
1.295861341059207916e-01
1.295140180736780167e-01
1.295409277081489563e-01
1.295352131128311157e-01
8.456842228770256042e-02
8.459314890205860138e-02
8.457426354289054871e-02
8.455222472548484802e-02
8.442566916346549988e-02
8.435327559709548950e-02
8.444962650537490845e-02
8.436324261128902435e-02
8.428696170449256897e-02
8.429001830518245697e-02
8.425984531641006470e-02
8.432853035628795624e-02
8.414816111326217651e-02
8.410648256540298462e-02
8.415752090513706207e-02
8.407856896519660950e-02
8.393056318163871765e-02
8.392130210995674133e-02
8.395104855298995972e-02
8.394204825162887573e-02
1.285905148833990097e-01
1.285319253802299500e-01
1.285556089133024216e-01
1.285460684448480606e-01
1.283441577106714249e-01
1.283479742705821991e-01
1.283294893801212311e-01
1.283015385270118713e-01
1.281848885118961334e-01
1.281117089092731476e-01
1.281838007271289825e-01
1.281009446829557419e-01
1.280240248888731003e-01
1.280165873467922211e-01
1.279827244579792023e-01
1.280278824269771576e-01
1.278637815266847610e-01
1.278133764863014221e-01
1.278521474450826645e-01
1.277725063264369965e-01
8.422297984361648560e-02
8.421519957482814789e-02
8.424176275730133057e-02
8.423435501754283905e-02
8.418730273842811584e-02
8.414692990481853485e-02
8.417888358235359192e-02
8.417868986725807190e-02
8.401662483811378479e-02
8.402515389025211334e-02
8.402385190129280090e-02
8.401028253138065338e-02
8.392032235860824585e-02
8.386405929923057556e-02
8.393916860222816467e-02
8.387763053178787231e-02
8.381927944719791412e-02
8.382354304194450378e-02
8.380465023219585419e-02
8.385300263762474060e-02
1.237305235117673874e-01
1.236821506172418594e-01
1.237189602106809616e-01
1.236481145024299622e-01
1.235281713306903839e-01
1.235102824866771698e-01
1.235220879316329956e-01
1.235044170171022415e-01
1.234519332647323608e-01
1.234049685299396515e-01
1.234225239604711533e-01
1.234095674008131027e-01
1.232563592493534088e-01
1.232502982020378113e-01
1.232419572770595551e-01
1.232170481234788895e-01
1.231258288025856018e-01
1.230654604732990265e-01
1.231200005859136581e-01
1.230541802942752838e-01
8.293399214744567871e-02
8.293789997696876526e-02
8.292240649461746216e-02
8.296309038996696472e-02
8.284741453826427460e-02
8.281064964830875397e-02
8.285590633749961853e-02
8.280179463326931000e-02
8.270487748086452484e-02
8.269841037690639496e-02
8.271890506148338318e-02
8.271249569952487946e-02
8.267564512789249420e-02
8.264254778623580933e-02
8.266858011484146118e-02
8.266574703156948090e-02
8.253866247832775116e-02
8.254109323024749756e-02
8.254544995725154877e-02
8.253303356468677521e-02
1.233015228062868118e-01
1.232458204030990601e-01
1.232914309948682785e-01
1.232303194701671600e-01
1.231706067919731140e-01
1.231616716831922531e-01
1.231357976794242859e-01
1.231593433767557144e-01
1.230427827686071396e-01
1.229956392198801041e-01
1.230259761214256287e-01
1.229643896222114563e-01
1.228645984083414078e-01
1.228462196886539459e-01
1.228521037846803665e-01
1.228337604552507401e-01
1.227875854820013046e-01
1.227450314909219742e-01
1.227566096931695938e-01
1.227406132966279984e-01
8.253221772611141205e-02
8.253243379294872284e-02
8.253755606710910797e-02
8.252541534602642059e-02
8.245867490768432617e-02
8.241850882768630981e-02
8.247027732431888580e-02
8.242490701377391815e-02
8.238076418638229370e-02
8.238266967236995697e-02
8.236968517303466797e-02
8.240121044218540192e-02
8.230552822351455688e-02
8.227140828967094421e-02
8.231108821928501129e-02
8.226491883397102356e-02
8.218410611152648926e-02
8.217747509479522705e-02
8.219362422823905945e-02
8.218709565699100494e-02
1.222053114324808121e-01
1.221644636243581772e-01
1.221738010644912720e-01
1.221569757908582687e-01
1.220390573143959045e-01
1.220252513885498047e-01
1.220186650753021240e-01
1.219951976090669632e-01
1.219212543219327927e-01
1.218713894486427307e-01
1.219067722558975220e-01
1.218524333089590073e-01
1.217988170683383942e-01
1.217882875353097916e-01
1.217639148235321045e-01
1.217800863087177277e-01
1.216790787875652313e-01
1.216344125568866730e-01
1.216593943536281586e-01
1.216041352599859238e-01
8.144329302012920380e-02
8.143670111894607544e-02
8.145069144666194916e-02
8.144413679838180542e-02
8.141428977251052856e-02
8.138677291572093964e-02
8.140621520578861237e-02
8.140069805085659027e-02
8.130227960646152496e-02
8.129928261041641235e-02
8.130458556115627289e-02
8.129335194826126099e-02
8.123563602566719055e-02
8.119927905499935150e-02
8.124319277703762054e-02
8.120343647897243500e-02
8.116387203335762024e-02
8.116471208631992340e-02
8.115287870168685913e-02
8.117797598242759705e-02
1.225208379328250885e-01
1.224762313067913055e-01
1.224983092397451401e-01
1.224446687847375870e-01
1.223618276417255402e-01
1.223422288894653320e-01
1.223422940820455551e-01
1.223229188472032547e-01
1.222816593945026398e-01
1.222426109015941620e-01
1.222478058189153671e-01
1.222290601581335068e-01
1.221240442246198654e-01
1.221074480563402176e-01
1.221000999212265015e-01
1.220761071890592575e-01
1.220086552202701569e-01
1.219619009643793106e-01
1.219892743974924088e-01
1.219387166202068329e-01
8.042578957974910736e-02
8.042604289948940277e-02
8.041456341743469238e-02
8.043748699128627777e-02
8.035980351269245148e-02
8.032842539250850677e-02
8.036133088171482086e-02
8.032224699854850769e-02
8.025612123310565948e-02
8.024887740612030029e-02
8.026047237217426300e-02
8.025386556982994080e-02
8.022642321884632111e-02
8.020114712417125702e-02
8.021766133606433868e-02
8.021103218197822571e-02
8.012424968183040619e-02
8.011932671070098877e-02
8.012420125305652618e-02
8.011351712048053741e-02
1.224244926124811172e-01
1.223780140280723572e-01
1.224023997783660889e-01
1.223530359566211700e-01
1.223036628216505051e-01
1.222900878638029099e-01
1.222655903548002243e-01
1.222732532769441605e-01
1.221860479563474655e-01
1.221422925591468811e-01
1.221602223813533783e-01
1.221092436462640762e-01
1.220330577343702316e-01
1.220125909894704819e-01
1.220095623284578323e-01
1.219892129302024841e-01
1.219495609402656555e-01
1.219116933643817902e-01
1.219136212021112442e-01
1.218933016061782837e-01
7.994203455746173859e-02
7.993655279278755188e-02
7.994144968688488007e-02
7.993018068373203278e-02
7.988038286566734314e-02
7.984920218586921692e-02
7.988382130861282349e-02
7.984918355941772461e-02
7.981460727751255035e-02
7.981362380087375641e-02
7.980285212397575378e-02
7.982184737920761108e-02
7.975135371088981628e-02
7.972170785069465637e-02
7.975119352340698242e-02
7.971493341028690338e-02
7.965490035712718964e-02
7.964746095240116119e-02
7.965676486492156982e-02
7.964977435767650604e-02
1.214470546692609787e-01
1.214099545031785965e-01
1.214108709245920181e-01
1.213902346789836884e-01
1.212982106953859329e-01
1.212788000702857971e-01
1.212698277086019516e-01
1.212459728121757507e-01
1.211851146072149277e-01
1.211409475654363632e-01
1.211607027798891068e-01
1.211140416562557220e-01
1.210672128945589066e-01
1.210528183728456497e-01
1.210288591682910919e-01
1.210329905152320862e-01
1.209523715078830719e-01
1.209099330008029938e-01
1.209248173981904984e-01
1.208765432238578796e-01
7.889421842992305756e-02
7.888692244887351990e-02
7.889514043927192688e-02
7.888790778815746307e-02
7.886324264109134674e-02
7.883991301059722900e-02
7.885308191180229187e-02
7.884555496275424957e-02
7.876989990472793579e-02
7.876344956457614899e-02
7.876753620803356171e-02
7.875678595155477524e-02
7.871099002659320831e-02
7.868112437427043915e-02
7.871212251484394073e-02
7.867990247905254364e-02
7.864747382700443268e-02
7.864590734243392944e-02
7.863524742424488068e-02
7.865130342543125153e-02
1.215998698025941849e-01
1.215576343238353729e-01
1.215705499053001404e-01
1.215229965746402740e-01
1.214539408683776855e-01
1.214326266199350357e-01
1.214263383299112320e-01
1.214054450392723083e-01
1.213674880564212799e-01
1.213310267776250839e-01
1.213295664638280869e-01
1.213081181049346924e-01
1.212216857820749283e-01
1.212010029703378677e-01
1.211910694837570190e-01
1.211665514856576920e-01
1.211086120456457138e-01
1.210658941417932510e-01
1.210813634097576141e-01
1.210363414138555527e-01
7.795254699885845184e-02
7.795059029012918472e-02
7.794024795293807983e-02
7.795508485287427902e-02
7.789292372763156891e-02
7.786472141742706299e-02
7.789033930748701096e-02
7.785758469253778458e-02
7.780394889414310455e-02
7.779648061841726303e-02
7.780329696834087372e-02
7.779589947313070297e-02
7.777236402034759521e-02
7.775026559829711914e-02
7.776168175041675568e-02
7.775383256375789642e-02
7.768381759524345398e-02
7.767657097429037094e-02
7.767991349101066589e-02
7.766953110694885254e-02
1.213946901261806488e-01
1.213518045842647552e-01
1.213657148182392120e-01
1.213210169225931168e-01
1.212761905044317245e-01
1.212596520781517029e-01
1.212352402508258820e-01
1.212348490953445435e-01
1.211605966091156006e-01
1.211186423897743225e-01
1.211288794875144958e-01
1.210828162729740143e-01
1.210167407989501953e-01
1.209948603063821793e-01
1.209870185703039169e-01
1.209651157259941101e-01
1.209282241761684418e-01
1.208920497447252274e-01
1.208885293453931808e-01
1.208664327859878540e-01
7.738451007753610611e-02
7.737695612013339996e-02
7.738027162849903107e-02
7.736948505043983459e-02
7.732769101858139038e-02
7.730042003095149994e-02
7.732659205794334412e-02
7.729697134345769882e-02
7.726700138300657272e-02
7.726439833641052246e-02
7.725398428738117218e-02
7.726698182523250580e-02
7.720867544412612915e-02
7.718139886856079102e-02
7.720491848886013031e-02
7.717361208051443100e-02
7.712340261787176132e-02
7.711548916995525360e-02
7.712104544043540955e-02
7.711350545287132263e-02
1.204611975699663162e-01
1.204256266355514526e-01
1.204215325415134430e-01
1.203992534428834915e-01
1.203194931149482727e-01
1.202975492924451828e-01
1.202862858772277832e-01
1.202616635710000992e-01
1.202070042490959167e-01
1.201660353690385818e-01
1.201768722385168076e-01
1.201337762176990509e-01
1.200904957950115204e-01
1.200736053287982941e-01
1.200491730123758316e-01
1.200472712516784668e-01
1.199763808399438858e-01
1.199354510754346848e-01
1.199440080672502518e-01
1.198993120342493057e-01
7.636930979788303375e-02
7.636140473186969757e-02
7.636666204780340195e-02
7.635905314236879349e-02
7.633703388273715973e-02
7.631580624729394913e-02
7.632525078952312469e-02
7.631707377731800079e-02
7.625318970531225204e-02
7.624515332281589508e-02
7.624787744134664536e-02
7.623741775751113892e-02
7.619776390492916107e-02
7.617125194519758224e-02
7.619548775255680084e-02
7.616715691983699799e-02
7.613844517618417740e-02
7.613545842468738556e-02
7.612526882439851761e-02
7.613665703684091568e-02
1.204222124069929123e-01
1.203812658786773682e-01
1.203886289149522781e-01
1.203442215919494629e-01
1.202820949256420135e-01
1.202598568052053452e-01
1.202500071376562119e-01
1.202277988195419312e-01
1.201917752623558044e-01
1.201564725488424301e-01
1.201509889215230942e-01
1.201282534748315811e-01
1.200515851378440857e-01
1.200289689004421234e-01
1.200170405209064484e-01
1.199920214712619781e-01
1.199390273541212082e-01
1.198984272778034210e-01
1.199072040617465973e-01
1.198650561273097992e-01
7.546887826174497604e-02
7.546570617705583572e-02
7.545562740415334702e-02
7.546652853488922119e-02
7.541263196617364883e-02
7.538655120879411697e-02
7.540762890130281448e-02
7.537853438407182693e-02
7.533178851008415222e-02
7.532414421439170837e-02
7.532837241888046265e-02
7.532064244151115417e-02
7.529947068542242050e-02
7.527885399758815765e-02
7.528738118708133698e-02
7.527894433587789536e-02
7.521836552768945694e-02
7.521013543009757996e-02
7.521227933466434479e-02
7.520202547311782837e-02
1.201357860118150711e-01
1.200953796505928040e-01
1.201028339564800262e-01
1.200606599450111389e-01
1.200183350592851639e-01
1.200002115219831467e-01
1.199754755944013596e-01
1.199707984924316406e-01
1.199036221951246262e-01
1.198628358542919159e-01
1.198685225099325180e-01
1.198250167071819305e-01
1.197645738720893860e-01
1.197418626397848129e-01
1.197310648858547211e-01
1.197083834558725357e-01
1.196728833019733429e-01
1.196376048028469086e-01
1.196309812366962433e-01
1.196078266948461533e-01
7.485652249306440353e-02
7.484804466366767883e-02
7.485018856823444366e-02
7.483980059623718262e-02
7.480283174663782120e-02
7.477719895541667938e-02
7.479919213801622391e-02
7.477232720702886581e-02
7.474495097994804382e-02
7.474161218851804733e-02
7.473153062164783478e-02
7.474115118384361267e-02
7.469004858285188675e-02
7.466419786214828491e-02
7.468391768634319305e-02
7.465574890375137329e-02
7.461108919233083725e-02
7.460319250822067261e-02
7.460670452564954758e-02
7.459882553666830063e-02
1.192311197519302368e-01
1.191963385790586472e-01
1.191892772912979126e-01
1.191661451011896133e-01
1.190933845937252045e-01
1.190700680017471313e-01
1.190571896731853485e-01
1.190322097390890121e-01
1.189812272787094116e-01
1.189415156841278076e-01
1.189477425068616867e-01
1.189067214727401733e-01
1.188651714473962784e-01
1.188469883054494858e-01
1.188222151249647141e-01
1.188168302178382874e-01
1.187518909573554993e-01
1.187117863446474075e-01
1.187161635607481003e-01
1.186737734824419022e-01
7.386881206184625626e-02
7.386086322367191315e-02
7.386426813900470734e-02
7.385633606463670731e-02
7.383631635457277298e-02
7.381625939160585403e-02
7.382361032068729401e-02
7.381533831357955933e-02
7.375823426991701126e-02
7.374968193471431732e-02
7.375143188983201981e-02
7.374118641018867493e-02
7.370561361312866211e-02
7.368085719645023346e-02
7.370126433670520782e-02
7.367548812180757523e-02
7.364898640662431717e-02
7.364532165229320526e-02
7.363521121442317963e-02
7.364426832646131516e-02
1.190705951303243637e-01
1.190302297472953796e-01
1.190339606255292892e-01
1.189917642623186111e-01
1.189338006079196930e-01
1.189108341932296753e-01
1.188989169895648956e-01
1.188759785145521164e-01
1.188413146883249283e-01
1.188065819442272186e-01
1.187985837459564209e-01
1.187753360718488693e-01
1.187043916434049606e-01
1.186806540936231613e-01
1.186673920601606369e-01
1.186422109603881836e-01
1.185922920703887939e-01
1.185528934001922607e-01
1.185576692223548889e-01
1.185173522680997849e-01
7.300035841763019562e-02
7.299671135842800140e-02
7.298671454191207886e-02
7.299530506134033203e-02
7.294717896729707718e-02
7.292212639003992081e-02
7.294030487537384033e-02
7.291370443999767303e-02
7.287124358117580414e-02
7.286333758383989334e-02
7.286627963185310364e-02
7.285819575190544128e-02
7.283881865441799164e-02
7.281923666596412659e-02
7.282600924372673035e-02
7.281772606074810028e-02
7.276269793510437012e-02
7.275412417948246002e-02
7.275567855685949326e-02
7.274539675563573837e-02
1.187230441719293594e-01
1.186837963759899139e-01
1.186875961720943451e-01
1.186473015695810318e-01
1.186063624918460846e-01
1.185873672366142273e-01
1.185622476041316986e-01
1.185551341623067856e-01
1.184924393892288208e-01
1.184524260461330414e-01
1.184550151228904724e-01
1.184134855866432190e-01
1.183564886450767517e-01
1.183333694934844971e-01
1.183207761496305466e-01
1.182975340634584427e-01
1.182630229741334915e-01
1.182284094393253326e-01
1.182196978479623795e-01
1.181963216513395309e-01
7.236064597964286804e-02
7.235177978873252869e-02
7.235321588814258575e-02
7.234296668320894241e-02
7.230914290994405746e-02
7.228527218103408813e-02
7.230405975133180618e-02
7.227941974997520447e-02
7.225384749472141266e-02
7.225008774548768997e-02
7.224006485193967819e-02
7.224796805530786514e-02
7.220127154141664505e-02
7.217677030712366104e-02
7.219407986849546432e-02
7.216810807585716248e-02
7.212707679718732834e-02
7.211923785507678986e-02
7.212155964225530624e-02
7.211352791637182236e-02
1.178435329347848892e-01
1.178091838955879211e-01
1.178001035004854202e-01
1.177768558263778687e-01
1.177084054797887802e-01
1.176844686269760132e-01
1.176705621182918549e-01
1.176452022045850754e-01
1.175966914743185043e-01
1.175581384450197220e-01
1.175611335784196854e-01
1.175217851996421814e-01
1.174813453108072281e-01
1.174623705446720123e-01
1.174374297261238098e-01
1.174297276884317398e-01
1.173686385154724121e-01
1.173291653394699097e-01
1.173311099410057068e-01
1.172903869301080704e-01
7.139987964183092117e-02
7.139210402965545654e-02
7.139445468783378601e-02
7.138628233224153519e-02
7.136758603155612946e-02
7.134859729558229446e-02
7.135464157909154892e-02
7.134653534740209579e-02
7.129403855651617050e-02
7.128512859344482422e-02
7.128644082695245743e-02
7.127622701227664948e-02
7.124338392168283463e-02
7.122003007680177689e-02
7.123800925910472870e-02
7.121407892554998398e-02
7.118915393948554993e-02
7.118521910160779953e-02
7.117542810738086700e-02
7.118261978030204773e-02
1.176059786230325699e-01
1.175664272159337997e-01
1.175676845014095306e-01
1.175272148102521896e-01
1.174718029797077179e-01
1.174485236406326294e-01
1.174355223774909973e-01
1.174120549112558365e-01
1.173781882971525192e-01
1.173440031707286835e-01
1.173343565315008163e-01
1.173110064119100571e-01
1.172437779605388641e-01
1.172196120023727417e-01
1.172055248171091080e-01
1.171800401061773300e-01
1.171323303133249283e-01
1.170939598232507706e-01
1.170959435403347015e-01
1.170569695532321930e-01
7.056048419326543808e-02
7.055673561990261078e-02
7.054695021361112595e-02
7.055401615798473358e-02
7.050960045307874680e-02
7.048552855849266052e-02
7.050185278058052063e-02
7.047712244093418121e-02
7.043759990483522415e-02
7.042982336133718491e-02
7.043195236474275589e-02
7.042382564395666122e-02
7.040555309504270554e-02
7.038696296513080597e-02
7.039249315857887268e-02
7.038452941924333572e-02
7.033337093889713287e-02
7.032456900924444199e-02
7.032579649239778519e-02
7.031565625220537186e-02
1.172204557806253433e-01
1.171818375587463379e-01
1.171834915876388550e-01
1.171445623040199280e-01
1.171045023947954178e-01
1.170849390327930450e-01
1.170597504824399948e-01
1.170509383082389832e-01
1.169914472848176956e-01
1.169521175324916840e-01
1.169525459408760071e-01
1.169124711304903030e-01
1.168578471988439560e-01
1.168345101177692413e-01
1.168208513408899307e-01
1.167972069233655930e-01
1.167636960744857788e-01
1.167295053601264954e-01
1.167193409055471420e-01
1.166958380490541458e-01
6.990847457200288773e-02
6.989954411983489990e-02
6.990064959973096848e-02
6.989055965095758438e-02
6.985899526625871658e-02
6.983632501214742661e-02
6.985313352197408676e-02
6.983008421957492828e-02
6.980584189295768738e-02
6.980184931308031082e-02
6.979223992675542831e-02
6.979888956993818283e-02
6.975547224283218384e-02
6.973183155059814453e-02
6.974753644317388535e-02
6.972343754023313522e-02
6.968480255454778671e-02
6.967710424214601517e-02
6.967882253229618073e-02
6.967078149318695068e-02
1.163648273795843124e-01
1.163309477269649506e-01
1.163207888603210449e-01
1.162973251193761826e-01
1.162320710718631744e-01
1.162076182663440704e-01
1.161930970847606659e-01
1.161676533520221710e-01
1.161210555583238602e-01
1.160831507295370102e-01
1.160840038210153580e-01
1.160457208752632141e-01
1.160064041614532471e-01
1.159869115799665451e-01
1.159619502723217010e-01
1.159527041018009186e-01
1.158944815397262573e-01
1.158554889261722565e-01
1.158555913716554642e-01
1.158161479979753494e-01
6.897457316517829895e-02
6.896696891635656357e-02
6.896869558840990067e-02
6.896059680730104446e-02
6.894293520599603653e-02
6.892469152808189392e-02
6.892990879714488983e-02
6.892209965735673904e-02
6.887268275022506714e-02
6.886395998299121857e-02
6.886493507772684097e-02
6.885489169508218765e-02
6.882415059953927994e-02
6.880191620439291000e-02
6.881817709654569626e-02
6.879553664475679398e-02
6.877185404300689697e-02
6.876774784177541733e-02
6.875840015709400177e-02
6.876457296311855316e-02
1.160797290503978729e-01
1.160406935960054398e-01
1.160403862595558167e-01
1.160010900348424911e-01
1.159475892782211304e-01
1.159241776913404465e-01
1.159102208912372589e-01
1.158864255994558334e-01
1.158534288406372070e-01
1.158195715397596359e-01
1.158089879900217056e-01
1.157856918871402740e-01
1.157211586833000183e-01
1.156965717673301697e-01
1.156820189207792282e-01
1.156565137207508087e-01
1.156103610992431641e-01
1.155726537108421326e-01
1.155729983001947403e-01
1.155350171029567719e-01
6.816292926669120789e-02
6.815901771187782288e-02
6.814951449632644653e-02
6.815572828054428101e-02
6.811398360878229141e-02
6.809066422283649445e-02
6.810586154460906982e-02
6.808247510343790054e-02
6.804506666958332062e-02
6.803760584443807602e-02
6.803920306265354156e-02
6.803118158131837845e-02
6.801384221762418747e-02
6.799595803022384644e-02
6.800076272338628769e-02
6.799314450472593307e-02
6.794483121484518051e-02
6.793601717799901962e-02
6.793700344860553741e-02
6.792719848453998566e-02
1.156685966998338699e-01
1.156308315694332123e-01
1.156307719647884369e-01
1.155927740037441254e-01
1.155536733567714691e-01
1.155338063836097717e-01
1.155085470527410507e-01
1.154986917972564697e-01
1.154415905475616455e-01
1.154026631265878677e-01
1.154017094522714615e-01
1.153628453612327576e-01
1.153099834918975830e-01
1.152865029871463776e-01
1.152721904218196869e-01
1.152482777833938599e-01
1.152154095470905304e-01
1.151816993951797485e-01
1.151706520467996597e-01
1.151474174112081528e-01
6.750797666609287262e-02
6.749920826405286789e-02
6.750016659498214722e-02
6.749032065272331238e-02
6.746048852801322937e-02
6.743875239044427872e-02
6.745416112244129181e-02
6.743231322616338730e-02
6.740918941795825958e-02
6.740522291511297226e-02
6.739575508981943130e-02
6.740162614732980728e-02
6.736099440604448318e-02
6.733782310038805008e-02
6.735259108245372772e-02
6.732975784689188004e-02
6.729301717132329941e-02
6.728541757911443710e-02
6.728685088455677032e-02
6.727884896099567413e-02
0.000000000000000000e+00
0.000000000000000000e+00
0.000000000000000000e+00
0.000000000000000000e+00
0.000000000000000000e+00
0.000000000000000000e+00
0.000000000000000000e+00
0.000000000000000000e+00
0.000000000000000000e+00
0.000000000000000000e+00
0.000000000000000000e+00
0.000000000000000000e+00
0.000000000000000000e+00
0.000000000000000000e+00
0.000000000000000000e+00
0.000000000000000000e+00
0.000000000000000000e+00
0.000000000000000000e+00
0.000000000000000000e+00
0.000000000000000000e+00
0.000000000000000000e+00
0.000000000000000000e+00
0.000000000000000000e+00
0.000000000000000000e+00
0.000000000000000000e+00
0.000000000000000000e+00
0.000000000000000000e+00
0.000000000000000000e+00
0.000000000000000000e+00
0.000000000000000000e+00
0.000000000000000000e+00
0.000000000000000000e+00
0.000000000000000000e+00
0.000000000000000000e+00
0.000000000000000000e+00
0.000000000000000000e+00
0.000000000000000000e+00
0.000000000000000000e+00
0.000000000000000000e+00
0.000000000000000000e+00
0.000000000000000000e+00
0.000000000000000000e+00
0.000000000000000000e+00
0.000000000000000000e+00
0.000000000000000000e+00
0.000000000000000000e+00
0.000000000000000000e+00
0.000000000000000000e+00
0.000000000000000000e+00
0.000000000000000000e+00
0.000000000000000000e+00
0.000000000000000000e+00
0.000000000000000000e+00
0.000000000000000000e+00
0.000000000000000000e+00
0.000000000000000000e+00
0.000000000000000000e+00
0.000000000000000000e+00
0.000000000000000000e+00
0.000000000000000000e+00
0.000000000000000000e+00
0.000000000000000000e+00
0.000000000000000000e+00
0.000000000000000000e+00
0.000000000000000000e+00
0.000000000000000000e+00
0.000000000000000000e+00
0.000000000000000000e+00
0.000000000000000000e+00
0.000000000000000000e+00
0.000000000000000000e+00
0.000000000000000000e+00
0.000000000000000000e+00
0.000000000000000000e+00
0.000000000000000000e+00
0.000000000000000000e+00
0.000000000000000000e+00
0.000000000000000000e+00
0.000000000000000000e+00
0.000000000000000000e+00
0.000000000000000000e+00
0.000000000000000000e+00
0.000000000000000000e+00
0.000000000000000000e+00
0.000000000000000000e+00
0.000000000000000000e+00
0.000000000000000000e+00
0.000000000000000000e+00
0.000000000000000000e+00
0.000000000000000000e+00
0.000000000000000000e+00
0.000000000000000000e+00
0.000000000000000000e+00
0.000000000000000000e+00
0.000000000000000000e+00
0.000000000000000000e+00
0.000000000000000000e+00
0.000000000000000000e+00
0.000000000000000000e+00
0.000000000000000000e+00
0.000000000000000000e+00
0.000000000000000000e+00
0.000000000000000000e+00
0.000000000000000000e+00
0.000000000000000000e+00
0.000000000000000000e+00
0.000000000000000000e+00
0.000000000000000000e+00
0.000000000000000000e+00
0.000000000000000000e+00
0.000000000000000000e+00
0.000000000000000000e+00
0.000000000000000000e+00
0.000000000000000000e+00
0.000000000000000000e+00
0.000000000000000000e+00
0.000000000000000000e+00
0.000000000000000000e+00
0.000000000000000000e+00
0.000000000000000000e+00
0.000000000000000000e+00
0.000000000000000000e+00
0.000000000000000000e+00
0.000000000000000000e+00
0.000000000000000000e+00
0.000000000000000000e+00
0.000000000000000000e+00
0.000000000000000000e+00
0.000000000000000000e+00
0.000000000000000000e+00
0.000000000000000000e+00
0.000000000000000000e+00
0.000000000000000000e+00
0.000000000000000000e+00
0.000000000000000000e+00
0.000000000000000000e+00
0.000000000000000000e+00
0.000000000000000000e+00
0.000000000000000000e+00
0.000000000000000000e+00
0.000000000000000000e+00
0.000000000000000000e+00
0.000000000000000000e+00
0.000000000000000000e+00
0.000000000000000000e+00
0.000000000000000000e+00
0.000000000000000000e+00
0.000000000000000000e+00
0.000000000000000000e+00
0.000000000000000000e+00
0.000000000000000000e+00
0.000000000000000000e+00
0.000000000000000000e+00
0.000000000000000000e+00
0.000000000000000000e+00
0.000000000000000000e+00
0.000000000000000000e+00
0.000000000000000000e+00
0.000000000000000000e+00
0.000000000000000000e+00
0.000000000000000000e+00
0.000000000000000000e+00
0.000000000000000000e+00
0.000000000000000000e+00
0.000000000000000000e+00
0.000000000000000000e+00
0.000000000000000000e+00
0.000000000000000000e+00
0.000000000000000000e+00
0.000000000000000000e+00
0.000000000000000000e+00
0.000000000000000000e+00
0.000000000000000000e+00
0.000000000000000000e+00
0.000000000000000000e+00
0.000000000000000000e+00
0.000000000000000000e+00
0.000000000000000000e+00
0.000000000000000000e+00
0.000000000000000000e+00
0.000000000000000000e+00
0.000000000000000000e+00
0.000000000000000000e+00
0.000000000000000000e+00
0.000000000000000000e+00
0.000000000000000000e+00
0.000000000000000000e+00
0.000000000000000000e+00
0.000000000000000000e+00
0.000000000000000000e+00
0.000000000000000000e+00
0.000000000000000000e+00
0.000000000000000000e+00
0.000000000000000000e+00
0.000000000000000000e+00
0.000000000000000000e+00
0.000000000000000000e+00
0.000000000000000000e+00
0.000000000000000000e+00
0.000000000000000000e+00
0.000000000000000000e+00
0.000000000000000000e+00
0.000000000000000000e+00
0.000000000000000000e+00
0.000000000000000000e+00
0.000000000000000000e+00
0.000000000000000000e+00
0.000000000000000000e+00
0.000000000000000000e+00
0.000000000000000000e+00
0.000000000000000000e+00
0.000000000000000000e+00
0.000000000000000000e+00
0.000000000000000000e+00
0.000000000000000000e+00
0.000000000000000000e+00
0.000000000000000000e+00
0.000000000000000000e+00
0.000000000000000000e+00
0.000000000000000000e+00
0.000000000000000000e+00
0.000000000000000000e+00
0.000000000000000000e+00
0.000000000000000000e+00
0.000000000000000000e+00
0.000000000000000000e+00
0.000000000000000000e+00
0.000000000000000000e+00
0.000000000000000000e+00
0.000000000000000000e+00
0.000000000000000000e+00
0.000000000000000000e+00
0.000000000000000000e+00
0.000000000000000000e+00
0.000000000000000000e+00
0.000000000000000000e+00
0.000000000000000000e+00
0.000000000000000000e+00
0.000000000000000000e+00
0.000000000000000000e+00
0.000000000000000000e+00
0.000000000000000000e+00
0.000000000000000000e+00
0.000000000000000000e+00
0.000000000000000000e+00
0.000000000000000000e+00
0.000000000000000000e+00
0.000000000000000000e+00
0.000000000000000000e+00
0.000000000000000000e+00
0.000000000000000000e+00
0.000000000000000000e+00
0.000000000000000000e+00
0.000000000000000000e+00
0.000000000000000000e+00
0.000000000000000000e+00
0.000000000000000000e+00
0.000000000000000000e+00
0.000000000000000000e+00
0.000000000000000000e+00
0.000000000000000000e+00
0.000000000000000000e+00
0.000000000000000000e+00
0.000000000000000000e+00
0.000000000000000000e+00
0.000000000000000000e+00
0.000000000000000000e+00
0.000000000000000000e+00
0.000000000000000000e+00
0.000000000000000000e+00
0.000000000000000000e+00
0.000000000000000000e+00
0.000000000000000000e+00
0.000000000000000000e+00
0.000000000000000000e+00
0.000000000000000000e+00
0.000000000000000000e+00
0.000000000000000000e+00
0.000000000000000000e+00
0.000000000000000000e+00
0.000000000000000000e+00
0.000000000000000000e+00
0.000000000000000000e+00
0.000000000000000000e+00
0.000000000000000000e+00
0.000000000000000000e+00
0.000000000000000000e+00
0.000000000000000000e+00
0.000000000000000000e+00
0.000000000000000000e+00
0.000000000000000000e+00
0.000000000000000000e+00
0.000000000000000000e+00
0.000000000000000000e+00
0.000000000000000000e+00
0.000000000000000000e+00
0.000000000000000000e+00
0.000000000000000000e+00
0.000000000000000000e+00
0.000000000000000000e+00
0.000000000000000000e+00
0.000000000000000000e+00
0.000000000000000000e+00
0.000000000000000000e+00
0.000000000000000000e+00
0.000000000000000000e+00
0.000000000000000000e+00
0.000000000000000000e+00
0.000000000000000000e+00
0.000000000000000000e+00
0.000000000000000000e+00
0.000000000000000000e+00
0.000000000000000000e+00
0.000000000000000000e+00
0.000000000000000000e+00
0.000000000000000000e+00
0.000000000000000000e+00
0.000000000000000000e+00
0.000000000000000000e+00
0.000000000000000000e+00
0.000000000000000000e+00
0.000000000000000000e+00
0.000000000000000000e+00
0.000000000000000000e+00
0.000000000000000000e+00
0.000000000000000000e+00
0.000000000000000000e+00
0.000000000000000000e+00
0.000000000000000000e+00
0.000000000000000000e+00
0.000000000000000000e+00
0.000000000000000000e+00
0.000000000000000000e+00
0.000000000000000000e+00
0.000000000000000000e+00
0.000000000000000000e+00
0.000000000000000000e+00
0.000000000000000000e+00
0.000000000000000000e+00
0.000000000000000000e+00
0.000000000000000000e+00
0.000000000000000000e+00
0.000000000000000000e+00
0.000000000000000000e+00
0.000000000000000000e+00
0.000000000000000000e+00
0.000000000000000000e+00
0.000000000000000000e+00
0.000000000000000000e+00
0.000000000000000000e+00
0.000000000000000000e+00
0.000000000000000000e+00
0.000000000000000000e+00
0.000000000000000000e+00
0.000000000000000000e+00
0.000000000000000000e+00
0.000000000000000000e+00
0.000000000000000000e+00
0.000000000000000000e+00
0.000000000000000000e+00
0.000000000000000000e+00
0.000000000000000000e+00
0.000000000000000000e+00
0.000000000000000000e+00
0.000000000000000000e+00
0.000000000000000000e+00
0.000000000000000000e+00
0.000000000000000000e+00
0.000000000000000000e+00
0.000000000000000000e+00
0.000000000000000000e+00
0.000000000000000000e+00
0.000000000000000000e+00
0.000000000000000000e+00
0.000000000000000000e+00
0.000000000000000000e+00
0.000000000000000000e+00
0.000000000000000000e+00
0.000000000000000000e+00
0.000000000000000000e+00
0.000000000000000000e+00
0.000000000000000000e+00
0.000000000000000000e+00
0.000000000000000000e+00
0.000000000000000000e+00
0.000000000000000000e+00
0.000000000000000000e+00
0.000000000000000000e+00
0.000000000000000000e+00
0.000000000000000000e+00
0.000000000000000000e+00
0.000000000000000000e+00
0.000000000000000000e+00
0.000000000000000000e+00
0.000000000000000000e+00
0.000000000000000000e+00
0.000000000000000000e+00
0.000000000000000000e+00
0.000000000000000000e+00
0.000000000000000000e+00
0.000000000000000000e+00
0.000000000000000000e+00
0.000000000000000000e+00
0.000000000000000000e+00
0.000000000000000000e+00
0.000000000000000000e+00
0.000000000000000000e+00
0.000000000000000000e+00
0.000000000000000000e+00
0.000000000000000000e+00
0.000000000000000000e+00
0.000000000000000000e+00
0.000000000000000000e+00
0.000000000000000000e+00
0.000000000000000000e+00
0.000000000000000000e+00
0.000000000000000000e+00
0.000000000000000000e+00
0.000000000000000000e+00
0.000000000000000000e+00
0.000000000000000000e+00
0.000000000000000000e+00
0.000000000000000000e+00
0.000000000000000000e+00
0.000000000000000000e+00
0.000000000000000000e+00
0.000000000000000000e+00
0.000000000000000000e+00
0.000000000000000000e+00
0.000000000000000000e+00
0.000000000000000000e+00
0.000000000000000000e+00
0.000000000000000000e+00
0.000000000000000000e+00
0.000000000000000000e+00
0.000000000000000000e+00
0.000000000000000000e+00
0.000000000000000000e+00
0.000000000000000000e+00
0.000000000000000000e+00
0.000000000000000000e+00
0.000000000000000000e+00
0.000000000000000000e+00
0.000000000000000000e+00
0.000000000000000000e+00
0.000000000000000000e+00
0.000000000000000000e+00
0.000000000000000000e+00
0.000000000000000000e+00
0.000000000000000000e+00
0.000000000000000000e+00
0.000000000000000000e+00
0.000000000000000000e+00
0.000000000000000000e+00
0.000000000000000000e+00
0.000000000000000000e+00
0.000000000000000000e+00
0.000000000000000000e+00
0.000000000000000000e+00
0.000000000000000000e+00
0.000000000000000000e+00
0.000000000000000000e+00
0.000000000000000000e+00
0.000000000000000000e+00
0.000000000000000000e+00
0.000000000000000000e+00
0.000000000000000000e+00
0.000000000000000000e+00
0.000000000000000000e+00
0.000000000000000000e+00
0.000000000000000000e+00
0.000000000000000000e+00
0.000000000000000000e+00
0.000000000000000000e+00
0.000000000000000000e+00
0.000000000000000000e+00
0.000000000000000000e+00
0.000000000000000000e+00
0.000000000000000000e+00
0.000000000000000000e+00
0.000000000000000000e+00
0.000000000000000000e+00
0.000000000000000000e+00
0.000000000000000000e+00
0.000000000000000000e+00
0.000000000000000000e+00
0.000000000000000000e+00
0.000000000000000000e+00
0.000000000000000000e+00
0.000000000000000000e+00
0.000000000000000000e+00
0.000000000000000000e+00
0.000000000000000000e+00
0.000000000000000000e+00
0.000000000000000000e+00
0.000000000000000000e+00
0.000000000000000000e+00
0.000000000000000000e+00
0.000000000000000000e+00
0.000000000000000000e+00
0.000000000000000000e+00
0.000000000000000000e+00
0.000000000000000000e+00
0.000000000000000000e+00
0.000000000000000000e+00
0.000000000000000000e+00
0.000000000000000000e+00
0.000000000000000000e+00
0.000000000000000000e+00
0.000000000000000000e+00
0.000000000000000000e+00
0.000000000000000000e+00
0.000000000000000000e+00
0.000000000000000000e+00
0.000000000000000000e+00
0.000000000000000000e+00
0.000000000000000000e+00
0.000000000000000000e+00
0.000000000000000000e+00
0.000000000000000000e+00
0.000000000000000000e+00
0.000000000000000000e+00
0.000000000000000000e+00
0.000000000000000000e+00
0.000000000000000000e+00
0.000000000000000000e+00
0.000000000000000000e+00
0.000000000000000000e+00
0.000000000000000000e+00
0.000000000000000000e+00
0.000000000000000000e+00
0.000000000000000000e+00
0.000000000000000000e+00
0.000000000000000000e+00
0.000000000000000000e+00
0.000000000000000000e+00
0.000000000000000000e+00
0.000000000000000000e+00
0.000000000000000000e+00
0.000000000000000000e+00
0.000000000000000000e+00
0.000000000000000000e+00
0.000000000000000000e+00
0.000000000000000000e+00
0.000000000000000000e+00
0.000000000000000000e+00
0.000000000000000000e+00
0.000000000000000000e+00
0.000000000000000000e+00
0.000000000000000000e+00
0.000000000000000000e+00
0.000000000000000000e+00
0.000000000000000000e+00
0.000000000000000000e+00
0.000000000000000000e+00
0.000000000000000000e+00
0.000000000000000000e+00
0.000000000000000000e+00
0.000000000000000000e+00
0.000000000000000000e+00
0.000000000000000000e+00
0.000000000000000000e+00
0.000000000000000000e+00
0.000000000000000000e+00
0.000000000000000000e+00
0.000000000000000000e+00
0.000000000000000000e+00
0.000000000000000000e+00
0.000000000000000000e+00
0.000000000000000000e+00
0.000000000000000000e+00
0.000000000000000000e+00
0.000000000000000000e+00
0.000000000000000000e+00
0.000000000000000000e+00
0.000000000000000000e+00
0.000000000000000000e+00
0.000000000000000000e+00
0.000000000000000000e+00
0.000000000000000000e+00
0.000000000000000000e+00
0.000000000000000000e+00
0.000000000000000000e+00
0.000000000000000000e+00
0.000000000000000000e+00
0.000000000000000000e+00
0.000000000000000000e+00
0.000000000000000000e+00
0.000000000000000000e+00
0.000000000000000000e+00
0.000000000000000000e+00
0.000000000000000000e+00
0.000000000000000000e+00
0.000000000000000000e+00
0.000000000000000000e+00
0.000000000000000000e+00
0.000000000000000000e+00
0.000000000000000000e+00
0.000000000000000000e+00
0.000000000000000000e+00
0.000000000000000000e+00
0.000000000000000000e+00
0.000000000000000000e+00
0.000000000000000000e+00
0.000000000000000000e+00
0.000000000000000000e+00
0.000000000000000000e+00
0.000000000000000000e+00
0.000000000000000000e+00
0.000000000000000000e+00
0.000000000000000000e+00
0.000000000000000000e+00
0.000000000000000000e+00
0.000000000000000000e+00
0.000000000000000000e+00
0.000000000000000000e+00
0.000000000000000000e+00
0.000000000000000000e+00
0.000000000000000000e+00
0.000000000000000000e+00
0.000000000000000000e+00
0.000000000000000000e+00
0.000000000000000000e+00
0.000000000000000000e+00
0.000000000000000000e+00
0.000000000000000000e+00
0.000000000000000000e+00
0.000000000000000000e+00
0.000000000000000000e+00
0.000000000000000000e+00
0.000000000000000000e+00
0.000000000000000000e+00
0.000000000000000000e+00
0.000000000000000000e+00
0.000000000000000000e+00
0.000000000000000000e+00
0.000000000000000000e+00
0.000000000000000000e+00
0.000000000000000000e+00
0.000000000000000000e+00
0.000000000000000000e+00
0.000000000000000000e+00
0.000000000000000000e+00
0.000000000000000000e+00
0.000000000000000000e+00
0.000000000000000000e+00
0.000000000000000000e+00
0.000000000000000000e+00
0.000000000000000000e+00
0.000000000000000000e+00
0.000000000000000000e+00
0.000000000000000000e+00
0.000000000000000000e+00
0.000000000000000000e+00
0.000000000000000000e+00
0.000000000000000000e+00
0.000000000000000000e+00
0.000000000000000000e+00
0.000000000000000000e+00
0.000000000000000000e+00
0.000000000000000000e+00
0.000000000000000000e+00
0.000000000000000000e+00
0.000000000000000000e+00
0.000000000000000000e+00
0.000000000000000000e+00
0.000000000000000000e+00
0.000000000000000000e+00
0.000000000000000000e+00
0.000000000000000000e+00
0.000000000000000000e+00
0.000000000000000000e+00
0.000000000000000000e+00
0.000000000000000000e+00
0.000000000000000000e+00
0.000000000000000000e+00
0.000000000000000000e+00
0.000000000000000000e+00
0.000000000000000000e+00
0.000000000000000000e+00
0.000000000000000000e+00
0.000000000000000000e+00
0.000000000000000000e+00
0.000000000000000000e+00
0.000000000000000000e+00
0.000000000000000000e+00
0.000000000000000000e+00
0.000000000000000000e+00
0.000000000000000000e+00
0.000000000000000000e+00
0.000000000000000000e+00
0.000000000000000000e+00
0.000000000000000000e+00
0.000000000000000000e+00
0.000000000000000000e+00
0.000000000000000000e+00
0.000000000000000000e+00
0.000000000000000000e+00
0.000000000000000000e+00
0.000000000000000000e+00
0.000000000000000000e+00
0.000000000000000000e+00
0.000000000000000000e+00
0.000000000000000000e+00
0.000000000000000000e+00
0.000000000000000000e+00
0.000000000000000000e+00
0.000000000000000000e+00
0.000000000000000000e+00
0.000000000000000000e+00
0.000000000000000000e+00
0.000000000000000000e+00
0.000000000000000000e+00
0.000000000000000000e+00
0.000000000000000000e+00
0.000000000000000000e+00
0.000000000000000000e+00
0.000000000000000000e+00
0.000000000000000000e+00
0.000000000000000000e+00
0.000000000000000000e+00
0.000000000000000000e+00
0.000000000000000000e+00
0.000000000000000000e+00
0.000000000000000000e+00
0.000000000000000000e+00
0.000000000000000000e+00
0.000000000000000000e+00
0.000000000000000000e+00
0.000000000000000000e+00
0.000000000000000000e+00
0.000000000000000000e+00
0.000000000000000000e+00
0.000000000000000000e+00
0.000000000000000000e+00
0.000000000000000000e+00
0.000000000000000000e+00
0.000000000000000000e+00
0.000000000000000000e+00
0.000000000000000000e+00
0.000000000000000000e+00
0.000000000000000000e+00
0.000000000000000000e+00
0.000000000000000000e+00
0.000000000000000000e+00
0.000000000000000000e+00
0.000000000000000000e+00
0.000000000000000000e+00
0.000000000000000000e+00
0.000000000000000000e+00
0.000000000000000000e+00
0.000000000000000000e+00
0.000000000000000000e+00
0.000000000000000000e+00
0.000000000000000000e+00
0.000000000000000000e+00
0.000000000000000000e+00
0.000000000000000000e+00
0.000000000000000000e+00
0.000000000000000000e+00
0.000000000000000000e+00
0.000000000000000000e+00
0.000000000000000000e+00
0.000000000000000000e+00
0.000000000000000000e+00
0.000000000000000000e+00
0.000000000000000000e+00
0.000000000000000000e+00
0.000000000000000000e+00
0.000000000000000000e+00
0.000000000000000000e+00
0.000000000000000000e+00
0.000000000000000000e+00
0.000000000000000000e+00
0.000000000000000000e+00
0.000000000000000000e+00
0.000000000000000000e+00
0.000000000000000000e+00
0.000000000000000000e+00
0.000000000000000000e+00
0.000000000000000000e+00
0.000000000000000000e+00
0.000000000000000000e+00
0.000000000000000000e+00
0.000000000000000000e+00
0.000000000000000000e+00
0.000000000000000000e+00
0.000000000000000000e+00
0.000000000000000000e+00
0.000000000000000000e+00
0.000000000000000000e+00
0.000000000000000000e+00
0.000000000000000000e+00
0.000000000000000000e+00
0.000000000000000000e+00
0.000000000000000000e+00
0.000000000000000000e+00
0.000000000000000000e+00
0.000000000000000000e+00
0.000000000000000000e+00
0.000000000000000000e+00
0.000000000000000000e+00
0.000000000000000000e+00
0.000000000000000000e+00
0.000000000000000000e+00
0.000000000000000000e+00
0.000000000000000000e+00
0.000000000000000000e+00
0.000000000000000000e+00
0.000000000000000000e+00
0.000000000000000000e+00
0.000000000000000000e+00
0.000000000000000000e+00
0.000000000000000000e+00
0.000000000000000000e+00
0.000000000000000000e+00
0.000000000000000000e+00
0.000000000000000000e+00
0.000000000000000000e+00
0.000000000000000000e+00
0.000000000000000000e+00
0.000000000000000000e+00
0.000000000000000000e+00
0.000000000000000000e+00
0.000000000000000000e+00
0.000000000000000000e+00
0.000000000000000000e+00
0.000000000000000000e+00
0.000000000000000000e+00
0.000000000000000000e+00
0.000000000000000000e+00
0.000000000000000000e+00
0.000000000000000000e+00
0.000000000000000000e+00
0.000000000000000000e+00
0.000000000000000000e+00
0.000000000000000000e+00
0.000000000000000000e+00
0.000000000000000000e+00
0.000000000000000000e+00
0.000000000000000000e+00
0.000000000000000000e+00
0.000000000000000000e+00
0.000000000000000000e+00
0.000000000000000000e+00
0.000000000000000000e+00
0.000000000000000000e+00
0.000000000000000000e+00
0.000000000000000000e+00
0.000000000000000000e+00
0.000000000000000000e+00
0.000000000000000000e+00
0.000000000000000000e+00
0.000000000000000000e+00
0.000000000000000000e+00
0.000000000000000000e+00
0.000000000000000000e+00
0.000000000000000000e+00
0.000000000000000000e+00
0.000000000000000000e+00
0.000000000000000000e+00
0.000000000000000000e+00
0.000000000000000000e+00
0.000000000000000000e+00
0.000000000000000000e+00
0.000000000000000000e+00
0.000000000000000000e+00
0.000000000000000000e+00
0.000000000000000000e+00
0.000000000000000000e+00
0.000000000000000000e+00
0.000000000000000000e+00
0.000000000000000000e+00
0.000000000000000000e+00
0.000000000000000000e+00
0.000000000000000000e+00
0.000000000000000000e+00
0.000000000000000000e+00
0.000000000000000000e+00
0.000000000000000000e+00
0.000000000000000000e+00
0.000000000000000000e+00
0.000000000000000000e+00
0.000000000000000000e+00
0.000000000000000000e+00
0.000000000000000000e+00
0.000000000000000000e+00
0.000000000000000000e+00
0.000000000000000000e+00
0.000000000000000000e+00
0.000000000000000000e+00
0.000000000000000000e+00
0.000000000000000000e+00
0.000000000000000000e+00
0.000000000000000000e+00
0.000000000000000000e+00
0.000000000000000000e+00
0.000000000000000000e+00
0.000000000000000000e+00
0.000000000000000000e+00
0.000000000000000000e+00
0.000000000000000000e+00
0.000000000000000000e+00
0.000000000000000000e+00
0.000000000000000000e+00
0.000000000000000000e+00
0.000000000000000000e+00
0.000000000000000000e+00
0.000000000000000000e+00
0.000000000000000000e+00
0.000000000000000000e+00
0.000000000000000000e+00
0.000000000000000000e+00
0.000000000000000000e+00
0.000000000000000000e+00
0.000000000000000000e+00
0.000000000000000000e+00
0.000000000000000000e+00
0.000000000000000000e+00
0.000000000000000000e+00
0.000000000000000000e+00
0.000000000000000000e+00
0.000000000000000000e+00
0.000000000000000000e+00
0.000000000000000000e+00
0.000000000000000000e+00
0.000000000000000000e+00
0.000000000000000000e+00
0.000000000000000000e+00
0.000000000000000000e+00
0.000000000000000000e+00
0.000000000000000000e+00
0.000000000000000000e+00
0.000000000000000000e+00
0.000000000000000000e+00
0.000000000000000000e+00
0.000000000000000000e+00
0.000000000000000000e+00
0.000000000000000000e+00
0.000000000000000000e+00
0.000000000000000000e+00
0.000000000000000000e+00
0.000000000000000000e+00
0.000000000000000000e+00
0.000000000000000000e+00
0.000000000000000000e+00
0.000000000000000000e+00
0.000000000000000000e+00
0.000000000000000000e+00
0.000000000000000000e+00
0.000000000000000000e+00
0.000000000000000000e+00
0.000000000000000000e+00
0.000000000000000000e+00
0.000000000000000000e+00
0.000000000000000000e+00
0.000000000000000000e+00
0.000000000000000000e+00
0.000000000000000000e+00
0.000000000000000000e+00
0.000000000000000000e+00
0.000000000000000000e+00
0.000000000000000000e+00
0.000000000000000000e+00
0.000000000000000000e+00
0.000000000000000000e+00
0.000000000000000000e+00
0.000000000000000000e+00
0.000000000000000000e+00
0.000000000000000000e+00
0.000000000000000000e+00
0.000000000000000000e+00
0.000000000000000000e+00
0.000000000000000000e+00
0.000000000000000000e+00
0.000000000000000000e+00
0.000000000000000000e+00
0.000000000000000000e+00
0.000000000000000000e+00
0.000000000000000000e+00
0.000000000000000000e+00
0.000000000000000000e+00
0.000000000000000000e+00
0.000000000000000000e+00
0.000000000000000000e+00
0.000000000000000000e+00
0.000000000000000000e+00
0.000000000000000000e+00
0.000000000000000000e+00
0.000000000000000000e+00
0.000000000000000000e+00
0.000000000000000000e+00
0.000000000000000000e+00
0.000000000000000000e+00
0.000000000000000000e+00
0.000000000000000000e+00
0.000000000000000000e+00
0.000000000000000000e+00
0.000000000000000000e+00
0.000000000000000000e+00
