3.774154871702194214e+00
2.929223239421844482e+00
3.333126172423362732e+00
2.702314957976341248e+00
3.317716926336288452e+00
2.624951437115669250e+00
1.966123968362808228e+00
1.887101233005523682e+00
1.818403199315071106e+00
3.396269589662551880e+00
2.097224116325378418e+00
2.931588575243949890e+00
2.265839964151382446e+00
1.343172192573547363e+00
3.319004505872726440e+00
1.653486706316471100e+00
1.505890473723411560e+00
1.172094933688640594e+00
6.305555924773216248e-01
5.264263749122619629e-01
4.521881192922592163e-01
7.353365533053874969e-01
3.026001155376434326e-01
2.503797374665737152e-01
2.271961458027362823e-01
2.200960144400596619e-01
2.007203362882137299e-01
1.914947517216205597e-01
1.866340450942516327e-01
1.636140532791614532e-01
1.675963271409273148e-01
1.590366121381521225e-01
1.557474322617053986e-01
1.537387911230325699e-01
1.458836160600185394e-01
1.456003747880458832e-01
1.387186460196971893e-01
1.347561106085777283e-01
1.346424482762813568e-01
1.317384820431470871e-01
1.318005789071321487e-01
1.283784639090299606e-01
1.272679511457681656e-01
1.291971076279878616e-01
1.264079604297876358e-01
1.245363187044858932e-01
1.233804840594530106e-01
1.204674914479255676e-01
1.197476517409086227e-01
1.198918335139751434e-01
1.180257741361856461e-01
1.187603045254945755e-01
1.178111080080270767e-01
1.160681117326021194e-01
1.158854607492685318e-01
1.150554362684488297e-01
1.147489380091428757e-01
1.137078404426574707e-01
1.132596489042043686e-01
1.132542062550783157e-01
1.244054660201072693e-01
1.237460095435380936e-01
1.239073500037193298e-01
1.233735047280788422e-01
1.234584450721740723e-01
1.224819011986255646e-01
1.221757084131240845e-01
1.232280116528272629e-01
1.219157297164201736e-01
1.215264592319726944e-01
1.213794164359569550e-01
1.204463560134172440e-01
1.201762743294239044e-01
1.202133502811193466e-01
1.195827592164278030e-01
1.200371403247117996e-01
1.197625137865543365e-01
1.191348936408758163e-01
1.189519707113504410e-01
1.187264788895845413e-01
1.947556585073471069e-01
1.942335851490497589e-01
1.941340230405330658e-01
1.941353790462017059e-01
1.934028714895248413e-01
1.930751912295818329e-01
1.931952275335788727e-01
1.929135136306285858e-01
1.929800212383270264e-01
1.924298331141471863e-01
1.922088600695133209e-01
1.928203441202640533e-01
1.920378170907497406e-01
1.918010227382183075e-01
1.917982734739780426e-01
1.912587508559226990e-01
1.910647898912429810e-01
1.910423599183559418e-01
1.906778290867805481e-01
1.909422017633914948e-01
1.145958062261343002e-01
1.142130941152572632e-01
1.141065303236246109e-01
1.140137612819671631e-01
1.138860955834388733e-01
1.135992407798767090e-01
1.135992091149091721e-01
1.136397160589694977e-01
1.132220029830932617e-01
1.130399424582719803e-01
1.131720636039972305e-01
1.130202617496252060e-01
1.131155434995889664e-01
1.127740647643804550e-01
1.126409303396940231e-01
1.131004653871059418e-01
1.125949174165725708e-01
1.124560274183750153e-01
1.125364489853382111e-01
1.122087091207504272e-01
1.769010201096534729e-01
1.768759042024612427e-01
1.766415461897850037e-01
1.768266335129737854e-01
1.767522431910037994e-01
1.764364875853061676e-01
1.763448901474475861e-01
1.762645915150642395e-01
1.761251389980316162e-01
1.758971028029918671e-01
1.758832149207592010e-01
1.758864596486091614e-01
1.755617260932922363e-01
1.753987222909927368e-01
1.754792518913745880e-01
1.753356456756591797e-01
1.753880567848682404e-01
1.750987060368061066e-01
1.749609224498271942e-01
1.752730272710323334e-01
1.000197436660528183e-01
9.990916401147842407e-02
1.000034753233194351e-01
9.976021945476531982e-02
9.967322833836078644e-02
9.967483021318912506e-02
9.953516349196434021e-02
9.970269910991191864e-02
9.968883357942104340e-02
9.946114383637905121e-02
9.942622669041156769e-02
9.939958527684211731e-02
9.930574521422386169e-02
9.916060790419578552e-02
9.918275661766529083e-02
9.921482391655445099e-02
9.899720177054405212e-02
9.889438748359680176e-02
9.899264574050903320e-02
9.890568070113658905e-02
1.736936904489994049e-01
1.734549403190612793e-01
1.733334846794605255e-01
1.735712811350822449e-01
1.732494868338108063e-01
1.731212548911571503e-01
1.731796823441982269e-01
1.729531586170196533e-01
1.728457696735858917e-01
1.728075183928012848e-01
1.726693622767925262e-01
1.727687045931816101e-01
1.727323383092880249e-01
1.725040972232818604e-01
1.724462620913982391e-01
1.723952926695346832e-01
1.722758300602436066e-01
1.721255630254745483e-01
1.721119582653045654e-01
1.721043065190315247e-01
9.713210538029670715e-02
9.704553149640560150e-02
9.713148698210716248e-02
9.705865383148193359e-02
9.712631814181804657e-02
9.695432893931865692e-02
9.687848761677742004e-02
9.710514359176158905e-02
9.686890617012977600e-02
9.678501263260841370e-02
9.687419794499874115e-02
9.671501070261001587e-02
9.665174782276153564e-02
9.664675407111644745e-02
9.656412340700626373e-02
9.667461924254894257e-02
9.668034873902797699e-02
9.651092439889907837e-02
9.649714641273021698e-02
9.648529812693595886e-02
1.706434302031993866e-01
1.705116927623748779e-01
1.704956442117691040e-01
1.704823337495326996e-01
1.703012995421886444e-01
1.701896414160728455e-01
1.702287271618843079e-01
1.701278835535049438e-01
1.701527386903762817e-01
1.699673607945442200e-01
1.698625981807708740e-01
1.700185053050518036e-01
1.697817035019397736e-01
1.696691066026687622e-01
1.697169393301010132e-01
1.695431470870971680e-01
1.694499477744102478e-01
1.694068424403667450e-01
1.693013571202754974e-01
1.693586111068725586e-01
9.499918110668659210e-02
9.484568051993846893e-02
9.483700431883335114e-02
9.482846967875957489e-02
9.475643560290336609e-02
9.467528015375137329e-02
9.469280764460563660e-02
9.471268206834793091e-02
9.458825178444385529e-02
9.452057257294654846e-02
9.458871372044086456e-02
9.453136287629604340e-02
9.458579868078231812e-02
9.445391036570072174e-02
9.439174830913543701e-02
9.455825388431549072e-02
9.438501112163066864e-02
9.431473724544048309e-02
9.439371712505817413e-02
9.427267499268054962e-02
1.672181636095046997e-01
1.671746633946895599e-01
1.670802123844623566e-01
1.671251133084297180e-01
1.671004481613636017e-01
1.669254340231418610e-01
1.668843999505043030e-01
1.668417453765869141e-01
1.667384207248687744e-01
1.666310727596282959e-01
1.666111089289188385e-01
1.665923111140727997e-01
1.664471998810768127e-01
1.663498058915138245e-01
1.663753762841224670e-01
1.662866026163101196e-01
1.663006916642189026e-01
1.661456525325775146e-01
1.660519316792488098e-01
1.661641821265220642e-01
9.183130413293838501e-02
9.176565147936344147e-02
9.183972328901290894e-02
9.173171222209930420e-02
9.168367832899093628e-02
9.167577885091304779e-02
9.162391722202301025e-02
9.169497899711132050e-02
9.170701354742050171e-02
9.157840162515640259e-02
9.157528541982173920e-02
9.156937152147293091e-02
9.150564111769199371e-02
9.144215844571590424e-02
9.145640395581722260e-02
9.147074632346630096e-02
9.137333743274211884e-02
9.131656587123870850e-02
9.137266874313354492e-02
9.132426604628562927e-02
1.654034778475761414e-01
1.652589589357376099e-01
1.651695184409618378e-01
1.652649603784084320e-01
1.650909557938575745e-01
1.649928130209445953e-01
1.650266461074352264e-01
1.648923903703689575e-01
1.648111455142498016e-01
1.647663041949272156e-01
1.646837443113327026e-01
1.647106148302555084e-01
1.646868810057640076e-01
1.645309254527091980e-01
1.644929274916648865e-01
1.644515767693519592e-01
1.643548570573329926e-01
1.642613895237445831e-01
1.642375923693180084e-01
1.642140410840511322e-01
9.000736288726329803e-02
8.995377831161022186e-02
9.000576473772525787e-02
8.996025100350379944e-02
9.000153094530105591e-02
8.990107849240303040e-02
8.985039219260215759e-02
8.996983431279659271e-02
8.984334394335746765e-02
8.978472650051116943e-02
8.985093422234058380e-02
8.975953608751296997e-02
8.971694856882095337e-02
8.970811776816844940e-02
8.966554701328277588e-02
8.972189016640186310e-02
8.973362855613231659e-02
8.962144143879413605e-02
8.962057344615459442e-02
8.961561508476734161e-02
1.644980534911155701e-01
1.644087396562099457e-01
1.643828265368938446e-01
1.643567979335784912e-01
1.642383933067321777e-01
1.641515381634235382e-01
1.641626283526420593e-01
1.640824861824512482e-01
1.640840806066989899e-01
1.639538109302520752e-01
1.638686396181583405e-01
1.639409996569156647e-01
1.637876071035861969e-01
1.636949814856052399e-01
1.637203358113765717e-01
1.635990403592586517e-01
1.635214015841484070e-01
1.634751595556735992e-01
1.633991971611976624e-01
1.634137667715549469e-01
8.837272040545940399e-02
8.826600760221481323e-02
8.826583251357078552e-02
8.826094307005405426e-02
8.820507861673831940e-02
8.815636113286018372e-02
8.816617354750633240e-02
8.817543834447860718e-02
8.809967339038848877e-02
8.805194310843944550e-02
8.809651061892509460e-02
8.805526234209537506e-02
8.809072524309158325e-02
8.800301700830459595e-02
8.795686252415180206e-02
8.805741928517818451e-02
8.794888667762279510e-02
8.789543248713016510e-02
8.795449696481227875e-02
8.787481114268302917e-02
1.622795611619949341e-01
1.622339971363544464e-01
1.621608212590217590e-01
1.621710993349552155e-01
1.621462777256965637e-01
1.620089896023273468e-01
1.619726829230785370e-01
1.619319841265678406e-01
1.618418730795383453e-01
1.617599278688430786e-01
1.617322154343128204e-01
1.617038547992706299e-01
1.615964844822883606e-01
1.615145839750766754e-01
1.615202985703945160e-01
1.614445373415946960e-01
1.614410802721977234e-01
1.613217517733573914e-01
1.612410023808479309e-01
1.612981073558330536e-01
8.620151877403259277e-02
8.614982478320598602e-02
8.620626479387283325e-02
8.613114804029464722e-02
8.609365858137607574e-02
8.608383499085903168e-02
8.604957349598407745e-02
8.609269186854362488e-02
8.610355295240879059e-02
8.600717782974243164e-02
8.600761368870735168e-02
8.600284159183502197e-02
8.595116809010505676e-02
8.590820431709289551e-02
8.591603115200996399e-02
8.592288009822368622e-02
8.585618808865547180e-02
8.581263199448585510e-02
8.585179038345813751e-02
8.581385202705860138e-02
1.607377566397190094e-01
1.606230624020099640e-01
1.605438739061355591e-01
1.605946533381938934e-01
1.604628488421440125e-01
1.603768877685070038e-01
1.603943891823291779e-01
1.602867767214775085e-01
1.602142862975597382e-01
1.601681709289550781e-01
1.600993238389492035e-01
1.601028889417648315e-01
1.600768566131591797e-01
1.599483229219913483e-01
1.599124036729335785e-01
1.598717831075191498e-01
1.597851105034351349e-01
1.597082465887069702e-01
1.596788801252841949e-01
1.596485674381256104e-01
8.462120220065116882e-02
8.457907661795616150e-02
8.461640775203704834e-02
8.457965962588787079e-02
8.460858836770057678e-02
8.453368768095970154e-02
8.449205011129379272e-02
8.457420021295547485e-02
8.448325283825397491e-02
8.443520031869411469e-02
8.448687009513378143e-02
8.441834710538387299e-02
8.438320644199848175e-02
8.437340334057807922e-02
8.434238098561763763e-02
8.437919616699218750e-02
8.438884839415550232e-02
8.430031500756740570e-02
8.430088497698307037e-02
8.429639972746372223e-02
1.601454094052314758e-01
1.600701622664928436e-01
1.600392907857894897e-01
1.600077152252197266e-01
1.599106937646865845e-01
1.598333269357681274e-01
1.598317772150039673e-01
1.597594767808914185e-01
1.597497016191482544e-01
1.596413366496562958e-01
1.595643348991870880e-01
1.596046984195709229e-01
1.594817601144313812e-01
1.593980155885219574e-01
1.594106517732143402e-01
1.593084186315536499e-01
1.592376306653022766e-01
1.591909378767013550e-01
1.591242104768753052e-01
1.591221168637275696e-01
8.315119147300720215e-02
8.306557871401309967e-02
8.306615799665451050e-02
8.306160196661949158e-02
8.301409333944320679e-02
8.297725394368171692e-02
8.298270218074321747e-02
8.298702351748943329e-02
8.292912878096103668e-02
8.288990706205368042e-02
8.292354270815849304e-02
8.288878947496414185e-02
8.291456289589405060e-02
8.284579962491989136e-02
8.280660212039947510e-02
8.287968486547470093e-02
8.279702067375183105e-02
8.275170624256134033e-02
8.279917016625404358e-02
8.273607492446899414e-02
1.583197042346000671e-01
1.582732610404491425e-01
1.582084372639656067e-01
1.582041308283805847e-01
1.581766121089458466e-01
1.580577865242958069e-01
1.580222733318805695e-01
1.579811647534370422e-01
1.578984372317790985e-01
1.578266285359859467e-01
1.577951572835445404e-01
1.577624045312404633e-01
1.576706990599632263e-01
1.575958691537380219e-01
1.575918905436992645e-01
1.575218401849269867e-01
1.575096920132637024e-01
1.574069708585739136e-01
1.573323030024766922e-01
1.573658715933561325e-01
8.132282644510269165e-02
8.127849176526069641e-02
8.132457174360752106e-02
8.126373961567878723e-02
8.123136498034000397e-02
8.122142590582370758e-02
8.119376935064792633e-02
8.122432045638561249e-02
8.123277314007282257e-02
8.115279488265514374e-02
8.115364052355289459e-02
8.114890195429325104e-02
8.110370114445686340e-02
8.106955140829086304e-02
8.107399381697177887e-02
8.107713237404823303e-02
8.102360554039478302e-02
8.098650723695755005e-02
8.101734146475791931e-02
8.098445460200309753e-02
1.569138411432504654e-01
1.568137314170598984e-01
1.567401085048913956e-01
1.567704267799854279e-01
1.566577926278114319e-01
1.565783675760030746e-01
1.565865799784660339e-01
1.564913857728242874e-01
1.564234886318445206e-01
1.563773918896913528e-01
1.563142463564872742e-01
1.563069708645343781e-01
1.562787238508462906e-01
1.561648324131965637e-01
1.561293397098779678e-01
1.560883615165948868e-01
1.560078635811805725e-01
1.559388954192399979e-01
1.559063196182250977e-01
1.558727696537971497e-01
7.985948584973812103e-02
7.982307858765125275e-02
7.985292375087738037e-02
7.982067950069904327e-02
7.984258607029914856e-02
7.978075928986072540e-02
7.974416762590408325e-02
7.980814017355442047e-02
7.973401620984077454e-02
7.969202846288681030e-02
7.973509468138217926e-02
7.967774383723735809e-02
7.964666001498699188e-02
7.963678054511547089e-02
7.961081713438034058e-02
7.963814772665500641e-02
7.964570447802543640e-02
7.957027293741703033e-02
7.957090251147747040e-02
7.956605218350887299e-02
1.564636752009391785e-01
1.563952043652534485e-01
1.563619747757911682e-01
1.563273519277572632e-01
1.562407221645116806e-01
1.561686228960752487e-01
1.561606526374816895e-01
1.560924649238586426e-01
1.560767367482185364e-01
1.559800170361995697e-01
1.559075955301523209e-01
1.559321861714124680e-01
1.558241955935955048e-01
1.557460874319076538e-01
1.557512674480676651e-01
1.556588523089885712e-01
1.555918157100677490e-01
1.555453557521104813e-01
1.554834004491567612e-01
1.554729714989662170e-01
7.848963886499404907e-02
7.841588743031024933e-02
7.841655425727367401e-02
7.841176353394985199e-02
7.836922537535429001e-02
7.833834271878004074e-02
7.834135554730892181e-02
7.834319025278091431e-02
7.829449139535427094e-02
7.825983129441738129e-02
7.828764710575342178e-02
7.825649343430995941e-02
7.827662490308284760e-02
7.821838557720184326e-02
7.818325515836477280e-02
7.824205141514539719e-02
7.817276846617460251e-02
7.813231088221073151e-02
7.817286439239978790e-02
7.811866048723459244e-02
1.548602711409330368e-01
1.548140775412321091e-01
1.547532044351100922e-01
1.547416448593139648e-01
1.547121834009885788e-01
1.546042989939451218e-01
1.545687057077884674e-01
1.545275356620550156e-01
1.544496286660432816e-01
1.543832737952470779e-01
1.543496046215295792e-01
1.543146893382072449e-01
1.542311348021030426e-01
1.541608218103647232e-01
1.541513800621032715e-01
1.540848668664693832e-01
1.540678273886442184e-01
1.539748068898916245e-01
1.539038084447383881e-01
1.539247874170541763e-01
7.685737870633602142e-02
7.681748457252979279e-02
7.685732562094926834e-02
7.680410239845514297e-02
7.677483465522527695e-02
7.676514796912670135e-02
7.674118876457214355e-02
7.676501199603080750e-02
7.677166350185871124e-02
7.670152187347412109e-02
7.670208904892206192e-02
7.669733930379152298e-02
7.665638905018568039e-02
7.662716414779424667e-02
7.662967778742313385e-02
7.663062028586864471e-02
7.658464182168245316e-02
7.655122596770524979e-02
7.657731603831052780e-02
7.654734607785940170e-02
1.535532642155885696e-01
1.534620448946952820e-01
1.533918175846338272e-01
1.534106712788343430e-01
1.533090882003307343e-01
1.532338131219148636e-01
1.532364357262849808e-01
1.531481593847274780e-01
1.530834082514047623e-01
1.530375704169273376e-01
1.529779992997646332e-01
1.529647130519151688e-01
1.529351063072681427e-01
1.528299879282712936e-01
1.527948155999183655e-01
1.527538131922483444e-01
1.526773553341627121e-01
1.526127383112907410e-01
1.525787506252527237e-01
1.525434702634811401e-01
7.547297887504100800e-02
7.544011063873767853e-02
7.546568475663661957e-02
7.543617300689220428e-02
7.545393612235784531e-02
7.540006656199693680e-02
7.536656688898801804e-02
7.542014215141534805e-02
7.535588834434747696e-02
7.531757652759552002e-02
7.535542175173759460e-02
7.530446350574493408e-02
7.527614105492830276e-02
7.526636589318513870e-02
7.524344883859157562e-02
7.526532188057899475e-02
7.527127861976623535e-02
7.520419731736183167e-02
7.520473748445510864e-02
7.519986666738986969e-02
1.531789992004632950e-01
1.531147044152021408e-01
1.530800890177488327e-01
1.530438829213380814e-01
1.529635768383741379e-01
1.528948619961738586e-01
1.528829950839281082e-01
1.528172940015792847e-01
1.527981963008642197e-01
1.527090929448604584e-01
1.526393871754407883e-01
1.526548843830823898e-01
1.525561865419149399e-01
1.524815894663333893e-01
1.524823550134897232e-01
1.523958425968885422e-01
1.523313857614994049e-01
1.522853318601846695e-01
1.522262524813413620e-01
1.522111073136329651e-01
7.418095041066408157e-02
7.411493826657533646e-02
7.411550264805555344e-02
7.411061786115169525e-02
7.407145295292139053e-02
7.404430396854877472e-02
7.404602505266666412e-02
7.404608372598886490e-02
7.400304544717073441e-02
7.397127617150545120e-02
7.399541325867176056e-02
7.396674342453479767e-02
7.398337870836257935e-02
7.393202558159828186e-02
7.389944605529308319e-02
7.394978683441877365e-02
7.388844992965459824e-02
7.385130599141120911e-02
7.388761360198259354e-02
7.383859995752573013e-02
1.517083235085010529e-01
1.516626328229904175e-01
1.516042686998844147e-01
1.515885591506958008e-01
1.515578459948301315e-01
1.514570992439985275e-01
1.514215413480997086e-01
1.513805408030748367e-01
1.513057816773653030e-01
1.512430720031261444e-01
1.512084286659955978e-01
1.511721704155206680e-01
1.510939486324787140e-01
1.510265450924634933e-01
1.510140895843505859e-01
1.509497053921222687e-01
1.509297341108322144e-01
1.508431322872638702e-01
1.507749762386083603e-01
1.507880799472332001e-01
7.266871258616447449e-02
7.263176608830690384e-02
7.266771513968706131e-02
7.261942513287067413e-02
7.259219419211149216e-02
7.258272450417280197e-02
7.256105076521635056e-02
7.258084602653980255e-02
7.258620113134384155e-02
7.252267561852931976e-02
7.252319250255823135e-02
7.251832727342844009e-02
7.248034887015819550e-02
7.245422992855310440e-02
7.245571352541446686e-02
7.245527207851409912e-02
7.241385802626609802e-02
7.238309644162654877e-02
7.240618113428354263e-02
7.237808313220739365e-02
1.504849102348089218e-01
1.503995470702648163e-01
1.503319218754768372e-01
1.503437124192714691e-01
1.502491682767868042e-01
1.501768603920936584e-01
1.501759439706802368e-01
1.500925477594137192e-01
1.500297430902719498e-01
1.499844491481781006e-01
1.499270740896463394e-01
1.499102190136909485e-01
1.498794984072446823e-01
1.497810427099466324e-01
1.497456766664981842e-01
1.497050002217292786e-01
1.496314089745283127e-01
1.495697740465402603e-01
1.495350971817970276e-01
1.494987905025482178e-01
7.134796306490898132e-02
7.131751161068677902e-02
7.134037371724843979e-02
7.131283357739448547e-02
7.132787909358739853e-02
7.127931341528892517e-02
7.124801818281412125e-02
7.129497267305850983e-02
7.123713381588459015e-02
7.120135799050331116e-02
7.123585604131221771e-02
7.118900958448648453e-02
7.116241659969091415e-02
7.115315832197666168e-02
7.113212253898382187e-02
7.115067075937986374e-02
7.115538511425256729e-02
7.109412271529436111e-02
7.109456229954957962e-02
7.108964212238788605e-02
1.501454375684261322e-01
1.500840038061141968e-01
1.500486489385366440e-01
1.500116493552923203e-01
1.499354727566242218e-01
1.498691942542791367e-01
1.498551312834024429e-01
1.497915126383304596e-01
1.497699432075023651e-01
1.496862079948186874e-01
1.496188957244157791e-01
1.496285218745470047e-01
1.495355647057294846e-01
1.494638267904520035e-01
1.494617778807878494e-01
1.493792999535799026e-01
1.493167653679847717e-01
1.492714174091815948e-01
1.492142695933580399e-01
1.491963211447000504e-01
7.012324500828981400e-02
7.006250042468309402e-02
7.006302941590547562e-02
7.005816791206598282e-02
7.002150919288396835e-02
6.999673042446374893e-02
6.999765709042549133e-02
6.999673228710889816e-02
6.995732616633176804e-02
6.992765795439481735e-02
6.994965765625238419e-02
6.992251332849264145e-02
6.993685103952884674e-02
6.989010795950889587e-02
6.985944230109453201e-02
6.990431435406208038e-02
6.984835304319858551e-02
6.981356814503669739e-02
6.984704267233610153e-02
6.980142556130886078e-02
1.487767901271581650e-01
1.487315539270639420e-01
1.486752163618803024e-01
1.486568022519350052e-01
1.486254371702671051e-01
1.485298499464988708e-01
1.484944559633731842e-01
1.484536398202180862e-01
1.483814176172018051e-01
1.483210436999797821e-01
1.482859849929809570e-01
1.482490655034780502e-01
1.481744479387998581e-01
1.481092050671577454e-01
1.480949260294437408e-01
1.480323374271392822e-01
1.480103451758623123e-01
1.479285061359405518e-01
1.478621829301118851e-01
1.478704903274774551e-01
6.870306469500064850e-02
6.866829376667737961e-02
6.870159227401018143e-02
6.865650508552789688e-02
6.863075681030750275e-02
6.862169876694679260e-02
6.860146112740039825e-02
6.861870177090167999e-02
6.862306036055088043e-02
6.856428924947977066e-02
6.856486760079860687e-02
6.856001261621713638e-02
6.852410268038511276e-02
6.850013602524995804e-02
6.850084010511636734e-02
6.849967688322067261e-02
6.846140325069427490e-02
6.843254435807466507e-02
6.845374405384063721e-02
6.842727400362491608e-02
1.476283427327871323e-01
1.475474648177623749e-01
1.474815569818019867e-01
1.474890559911727905e-01
1.473992541432380676e-01
1.473292093724012375e-01
1.473261397331953049e-01
1.472458764910697937e-01
1.471847426146268845e-01
1.471399273723363876e-01
1.470842920243740082e-01
1.470654290169477463e-01
1.470338944345712662e-01
1.469400785863399506e-01
1.469049397855997086e-01
1.468644570559263229e-01
1.467932108789682388e-01
1.467339340597391129e-01
1.466987244784832001e-01
1.466617435216903687e-01
6.743659637868404388e-02
6.740774773061275482e-02
6.742884125560522079e-02
6.740253418684005737e-02
6.741577293723821640e-02
6.737123522907495499e-02
6.734125409275293350e-02
6.738393474370241165e-02
6.733050849288702011e-02
6.729664653539657593e-02
6.732887588441371918e-02
6.728478521108627319e-02
6.725961994379758835e-02
6.725062243640422821e-02
6.723090913146734238e-02
6.724733114242553711e-02
6.725122407078742981e-02
6.719407159835100174e-02
6.719464529305696487e-02
6.718968506902456284e-02
1.473624557256698608e-01
1.473031621426343918e-01
1.472675520926713943e-01
1.472300495952367783e-01
1.471567433327436447e-01
1.470923479646444321e-01
1.470769532024860382e-01
1.470148134976625443e-01
1.469918340444564819e-01
1.469118669629096985e-01
1.468462385237216949e-01
1.468520574271678925e-01
1.467635221779346466e-01
1.466936618089675903e-01
1.466896552592515945e-01
1.466101352125406265e-01
1.465491615235805511e-01
1.465043276548385620e-01
1.464488636702299118e-01
1.464288569986820221e-01
6.627123709768056870e-02
6.621448695659637451e-02
6.621512677520513535e-02
6.621026247739791870e-02
6.617527734488248825e-02
6.615233048796653748e-02
6.615265645086765289e-02
6.615115236490964890e-02
6.611427478492259979e-02
6.608607340604066849e-02
6.610659789294004440e-02
6.608085706830024719e-02
6.609335355460643768e-02
6.605020817369222641e-02
6.602083239704370499e-02
6.606190465390682220e-02
6.600987352430820465e-02
6.597665231674909592e-02
6.600809190422296524e-02
6.596508901566267014e-02
1.460599619895219803e-01
1.460153833031654358e-01
1.459604166448116302e-01
1.459401883184909821e-01
1.459083743393421173e-01
1.458167657256126404e-01
1.457815989851951599e-01
1.457411088049411774e-01
1.456707604229450226e-01
1.456124316900968552e-01
1.455770395696163177e-01
1.455397512763738632e-01
1.454677563160657883e-01
1.454040985554456711e-01
1.453887466341257095e-01
1.453276239335536957e-01
1.453042831271886826e-01
1.452258750796318054e-01
1.451611164957284927e-01
1.451662778854370117e-01
6.491781305521726608e-02
6.488464772701263428e-02
6.491601374000310898e-02
6.487328372895717621e-02
6.484866607934236526e-02
6.484002433717250824e-02
6.482092291116714478e-02
6.483628135174512863e-02
6.484002806246280670e-02
6.478461250662803650e-02
6.478525046259164810e-02
6.478035170584917068e-02
6.474610418081283569e-02
6.472381297498941422e-02
6.472404208034276962e-02
6.472229864448308945e-02
6.468629091978073120e-02
6.465877033770084381e-02
6.467872671782970428e-02
6.465345341712236404e-02
0.000000000000000000e+00
0.000000000000000000e+00
0.000000000000000000e+00
0.000000000000000000e+00
0.000000000000000000e+00
0.000000000000000000e+00
0.000000000000000000e+00
0.000000000000000000e+00
0.000000000000000000e+00
0.000000000000000000e+00
0.000000000000000000e+00
0.000000000000000000e+00
0.000000000000000000e+00
0.000000000000000000e+00
0.000000000000000000e+00
0.000000000000000000e+00
0.000000000000000000e+00
0.000000000000000000e+00
0.000000000000000000e+00
0.000000000000000000e+00
0.000000000000000000e+00
0.000000000000000000e+00
0.000000000000000000e+00
0.000000000000000000e+00
0.000000000000000000e+00
0.000000000000000000e+00
0.000000000000000000e+00
0.000000000000000000e+00
0.000000000000000000e+00
0.000000000000000000e+00
0.000000000000000000e+00
0.000000000000000000e+00
0.000000000000000000e+00
0.000000000000000000e+00
0.000000000000000000e+00
0.000000000000000000e+00
0.000000000000000000e+00
0.000000000000000000e+00
0.000000000000000000e+00
0.000000000000000000e+00
0.000000000000000000e+00
0.000000000000000000e+00
0.000000000000000000e+00
0.000000000000000000e+00
0.000000000000000000e+00
0.000000000000000000e+00
0.000000000000000000e+00
0.000000000000000000e+00
0.000000000000000000e+00
0.000000000000000000e+00
0.000000000000000000e+00
0.000000000000000000e+00
0.000000000000000000e+00
0.000000000000000000e+00
0.000000000000000000e+00
0.000000000000000000e+00
0.000000000000000000e+00
0.000000000000000000e+00
0.000000000000000000e+00
0.000000000000000000e+00
0.000000000000000000e+00
0.000000000000000000e+00
0.000000000000000000e+00
0.000000000000000000e+00
0.000000000000000000e+00
0.000000000000000000e+00
0.000000000000000000e+00
0.000000000000000000e+00
0.000000000000000000e+00
0.000000000000000000e+00
0.000000000000000000e+00
0.000000000000000000e+00
0.000000000000000000e+00
0.000000000000000000e+00
0.000000000000000000e+00
0.000000000000000000e+00
0.000000000000000000e+00
0.000000000000000000e+00
0.000000000000000000e+00
0.000000000000000000e+00
0.000000000000000000e+00
0.000000000000000000e+00
0.000000000000000000e+00
0.000000000000000000e+00
0.000000000000000000e+00
0.000000000000000000e+00
0.000000000000000000e+00
0.000000000000000000e+00
0.000000000000000000e+00
0.000000000000000000e+00
0.000000000000000000e+00
0.000000000000000000e+00
0.000000000000000000e+00
0.000000000000000000e+00
0.000000000000000000e+00
0.000000000000000000e+00
0.000000000000000000e+00
0.000000000000000000e+00
0.000000000000000000e+00
0.000000000000000000e+00
0.000000000000000000e+00
0.000000000000000000e+00
0.000000000000000000e+00
0.000000000000000000e+00
0.000000000000000000e+00
0.000000000000000000e+00
0.000000000000000000e+00
0.000000000000000000e+00
0.000000000000000000e+00
0.000000000000000000e+00
0.000000000000000000e+00
0.000000000000000000e+00
0.000000000000000000e+00
0.000000000000000000e+00
0.000000000000000000e+00
0.000000000000000000e+00
0.000000000000000000e+00
0.000000000000000000e+00
0.000000000000000000e+00
0.000000000000000000e+00
0.000000000000000000e+00
0.000000000000000000e+00
0.000000000000000000e+00
0.000000000000000000e+00
0.000000000000000000e+00
0.000000000000000000e+00
0.000000000000000000e+00
0.000000000000000000e+00
0.000000000000000000e+00
0.000000000000000000e+00
0.000000000000000000e+00
0.000000000000000000e+00
0.000000000000000000e+00
0.000000000000000000e+00
0.000000000000000000e+00
0.000000000000000000e+00
0.000000000000000000e+00
0.000000000000000000e+00
0.000000000000000000e+00
0.000000000000000000e+00
0.000000000000000000e+00
0.000000000000000000e+00
0.000000000000000000e+00
0.000000000000000000e+00
0.000000000000000000e+00
0.000000000000000000e+00
0.000000000000000000e+00
0.000000000000000000e+00
0.000000000000000000e+00
0.000000000000000000e+00
0.000000000000000000e+00
0.000000000000000000e+00
0.000000000000000000e+00
0.000000000000000000e+00
0.000000000000000000e+00
0.000000000000000000e+00
0.000000000000000000e+00
0.000000000000000000e+00
0.000000000000000000e+00
0.000000000000000000e+00
0.000000000000000000e+00
0.000000000000000000e+00
0.000000000000000000e+00
0.000000000000000000e+00
0.000000000000000000e+00
0.000000000000000000e+00
0.000000000000000000e+00
0.000000000000000000e+00
0.000000000000000000e+00
0.000000000000000000e+00
0.000000000000000000e+00
0.000000000000000000e+00
0.000000000000000000e+00
0.000000000000000000e+00
0.000000000000000000e+00
0.000000000000000000e+00
0.000000000000000000e+00
0.000000000000000000e+00
0.000000000000000000e+00
0.000000000000000000e+00
0.000000000000000000e+00
0.000000000000000000e+00
0.000000000000000000e+00
0.000000000000000000e+00
0.000000000000000000e+00
0.000000000000000000e+00
0.000000000000000000e+00
0.000000000000000000e+00
0.000000000000000000e+00
0.000000000000000000e+00
0.000000000000000000e+00
0.000000000000000000e+00
0.000000000000000000e+00
0.000000000000000000e+00
0.000000000000000000e+00
0.000000000000000000e+00
0.000000000000000000e+00
0.000000000000000000e+00
0.000000000000000000e+00
0.000000000000000000e+00
0.000000000000000000e+00
0.000000000000000000e+00
0.000000000000000000e+00
0.000000000000000000e+00
0.000000000000000000e+00
0.000000000000000000e+00
0.000000000000000000e+00
0.000000000000000000e+00
0.000000000000000000e+00
0.000000000000000000e+00
0.000000000000000000e+00
0.000000000000000000e+00
0.000000000000000000e+00
0.000000000000000000e+00
0.000000000000000000e+00
0.000000000000000000e+00
0.000000000000000000e+00
0.000000000000000000e+00
0.000000000000000000e+00
0.000000000000000000e+00
0.000000000000000000e+00
0.000000000000000000e+00
0.000000000000000000e+00
0.000000000000000000e+00
0.000000000000000000e+00
0.000000000000000000e+00
0.000000000000000000e+00
0.000000000000000000e+00
0.000000000000000000e+00
0.000000000000000000e+00
0.000000000000000000e+00
0.000000000000000000e+00
0.000000000000000000e+00
0.000000000000000000e+00
0.000000000000000000e+00
0.000000000000000000e+00
0.000000000000000000e+00
0.000000000000000000e+00
0.000000000000000000e+00
0.000000000000000000e+00
0.000000000000000000e+00
0.000000000000000000e+00
0.000000000000000000e+00
0.000000000000000000e+00
0.000000000000000000e+00
0.000000000000000000e+00
0.000000000000000000e+00
0.000000000000000000e+00
0.000000000000000000e+00
0.000000000000000000e+00
0.000000000000000000e+00
0.000000000000000000e+00
0.000000000000000000e+00
0.000000000000000000e+00
0.000000000000000000e+00
0.000000000000000000e+00
0.000000000000000000e+00
0.000000000000000000e+00
0.000000000000000000e+00
0.000000000000000000e+00
0.000000000000000000e+00
0.000000000000000000e+00
0.000000000000000000e+00
0.000000000000000000e+00
0.000000000000000000e+00
0.000000000000000000e+00
0.000000000000000000e+00
0.000000000000000000e+00
0.000000000000000000e+00
0.000000000000000000e+00
0.000000000000000000e+00
0.000000000000000000e+00
0.000000000000000000e+00
0.000000000000000000e+00
0.000000000000000000e+00
0.000000000000000000e+00
0.000000000000000000e+00
0.000000000000000000e+00
0.000000000000000000e+00
0.000000000000000000e+00
0.000000000000000000e+00
0.000000000000000000e+00
0.000000000000000000e+00
0.000000000000000000e+00
0.000000000000000000e+00
0.000000000000000000e+00
0.000000000000000000e+00
0.000000000000000000e+00
0.000000000000000000e+00
0.000000000000000000e+00
0.000000000000000000e+00
0.000000000000000000e+00
0.000000000000000000e+00
0.000000000000000000e+00
0.000000000000000000e+00
0.000000000000000000e+00
0.000000000000000000e+00
0.000000000000000000e+00
0.000000000000000000e+00
0.000000000000000000e+00
0.000000000000000000e+00
0.000000000000000000e+00
0.000000000000000000e+00
0.000000000000000000e+00
0.000000000000000000e+00
0.000000000000000000e+00
0.000000000000000000e+00
0.000000000000000000e+00
0.000000000000000000e+00
0.000000000000000000e+00
0.000000000000000000e+00
0.000000000000000000e+00
0.000000000000000000e+00
0.000000000000000000e+00
0.000000000000000000e+00
0.000000000000000000e+00
0.000000000000000000e+00
0.000000000000000000e+00
0.000000000000000000e+00
0.000000000000000000e+00
0.000000000000000000e+00
0.000000000000000000e+00
0.000000000000000000e+00
0.000000000000000000e+00
0.000000000000000000e+00
0.000000000000000000e+00
0.000000000000000000e+00
0.000000000000000000e+00
0.000000000000000000e+00
0.000000000000000000e+00
0.000000000000000000e+00
0.000000000000000000e+00
0.000000000000000000e+00
0.000000000000000000e+00
0.000000000000000000e+00
0.000000000000000000e+00
0.000000000000000000e+00
0.000000000000000000e+00
0.000000000000000000e+00
0.000000000000000000e+00
0.000000000000000000e+00
0.000000000000000000e+00
0.000000000000000000e+00
0.000000000000000000e+00
0.000000000000000000e+00
0.000000000000000000e+00
0.000000000000000000e+00
0.000000000000000000e+00
0.000000000000000000e+00
0.000000000000000000e+00
0.000000000000000000e+00
0.000000000000000000e+00
0.000000000000000000e+00
0.000000000000000000e+00
0.000000000000000000e+00
0.000000000000000000e+00
0.000000000000000000e+00
0.000000000000000000e+00
0.000000000000000000e+00
0.000000000000000000e+00
0.000000000000000000e+00
0.000000000000000000e+00
0.000000000000000000e+00
0.000000000000000000e+00
0.000000000000000000e+00
0.000000000000000000e+00
0.000000000000000000e+00
0.000000000000000000e+00
0.000000000000000000e+00
0.000000000000000000e+00
0.000000000000000000e+00
0.000000000000000000e+00
0.000000000000000000e+00
0.000000000000000000e+00
0.000000000000000000e+00
0.000000000000000000e+00
0.000000000000000000e+00
0.000000000000000000e+00
0.000000000000000000e+00
0.000000000000000000e+00
0.000000000000000000e+00
0.000000000000000000e+00
0.000000000000000000e+00
0.000000000000000000e+00
0.000000000000000000e+00
0.000000000000000000e+00
0.000000000000000000e+00
0.000000000000000000e+00
0.000000000000000000e+00
0.000000000000000000e+00
0.000000000000000000e+00
0.000000000000000000e+00
0.000000000000000000e+00
0.000000000000000000e+00
0.000000000000000000e+00
0.000000000000000000e+00
0.000000000000000000e+00
0.000000000000000000e+00
0.000000000000000000e+00
0.000000000000000000e+00
0.000000000000000000e+00
0.000000000000000000e+00
0.000000000000000000e+00
0.000000000000000000e+00
0.000000000000000000e+00
0.000000000000000000e+00
0.000000000000000000e+00
0.000000000000000000e+00
0.000000000000000000e+00
0.000000000000000000e+00
0.000000000000000000e+00
0.000000000000000000e+00
0.000000000000000000e+00
0.000000000000000000e+00
0.000000000000000000e+00
0.000000000000000000e+00
0.000000000000000000e+00
0.000000000000000000e+00
0.000000000000000000e+00
0.000000000000000000e+00
0.000000000000000000e+00
0.000000000000000000e+00
0.000000000000000000e+00
0.000000000000000000e+00
0.000000000000000000e+00
0.000000000000000000e+00
0.000000000000000000e+00
0.000000000000000000e+00
0.000000000000000000e+00
0.000000000000000000e+00
0.000000000000000000e+00
0.000000000000000000e+00
0.000000000000000000e+00
0.000000000000000000e+00
0.000000000000000000e+00
0.000000000000000000e+00
0.000000000000000000e+00
0.000000000000000000e+00
0.000000000000000000e+00
0.000000000000000000e+00
0.000000000000000000e+00
0.000000000000000000e+00
0.000000000000000000e+00
0.000000000000000000e+00
0.000000000000000000e+00
0.000000000000000000e+00
0.000000000000000000e+00
0.000000000000000000e+00
0.000000000000000000e+00
0.000000000000000000e+00
0.000000000000000000e+00
0.000000000000000000e+00
0.000000000000000000e+00
0.000000000000000000e+00
0.000000000000000000e+00
0.000000000000000000e+00
0.000000000000000000e+00
0.000000000000000000e+00
0.000000000000000000e+00
0.000000000000000000e+00
0.000000000000000000e+00
0.000000000000000000e+00
0.000000000000000000e+00
0.000000000000000000e+00
0.000000000000000000e+00
0.000000000000000000e+00
0.000000000000000000e+00
0.000000000000000000e+00
0.000000000000000000e+00
0.000000000000000000e+00
0.000000000000000000e+00
0.000000000000000000e+00
0.000000000000000000e+00
0.000000000000000000e+00
0.000000000000000000e+00
0.000000000000000000e+00
0.000000000000000000e+00
0.000000000000000000e+00
0.000000000000000000e+00
0.000000000000000000e+00
0.000000000000000000e+00
0.000000000000000000e+00
0.000000000000000000e+00
0.000000000000000000e+00
0.000000000000000000e+00
0.000000000000000000e+00
0.000000000000000000e+00
0.000000000000000000e+00
0.000000000000000000e+00
0.000000000000000000e+00
0.000000000000000000e+00
0.000000000000000000e+00
0.000000000000000000e+00
0.000000000000000000e+00
0.000000000000000000e+00
0.000000000000000000e+00
0.000000000000000000e+00
0.000000000000000000e+00
0.000000000000000000e+00
0.000000000000000000e+00
0.000000000000000000e+00
0.000000000000000000e+00
0.000000000000000000e+00
0.000000000000000000e+00
0.000000000000000000e+00
0.000000000000000000e+00
0.000000000000000000e+00
0.000000000000000000e+00
0.000000000000000000e+00
0.000000000000000000e+00
0.000000000000000000e+00
0.000000000000000000e+00
0.000000000000000000e+00
0.000000000000000000e+00
0.000000000000000000e+00
0.000000000000000000e+00
0.000000000000000000e+00
0.000000000000000000e+00
0.000000000000000000e+00
0.000000000000000000e+00
0.000000000000000000e+00
0.000000000000000000e+00
0.000000000000000000e+00
0.000000000000000000e+00
0.000000000000000000e+00
0.000000000000000000e+00
0.000000000000000000e+00
0.000000000000000000e+00
0.000000000000000000e+00
0.000000000000000000e+00
0.000000000000000000e+00
0.000000000000000000e+00
0.000000000000000000e+00
0.000000000000000000e+00
0.000000000000000000e+00
0.000000000000000000e+00
0.000000000000000000e+00
0.000000000000000000e+00
0.000000000000000000e+00
0.000000000000000000e+00
0.000000000000000000e+00
0.000000000000000000e+00
0.000000000000000000e+00
0.000000000000000000e+00
0.000000000000000000e+00
0.000000000000000000e+00
0.000000000000000000e+00
0.000000000000000000e+00
0.000000000000000000e+00
0.000000000000000000e+00
0.000000000000000000e+00
0.000000000000000000e+00
0.000000000000000000e+00
0.000000000000000000e+00
0.000000000000000000e+00
0.000000000000000000e+00
0.000000000000000000e+00
0.000000000000000000e+00
0.000000000000000000e+00
0.000000000000000000e+00
0.000000000000000000e+00
0.000000000000000000e+00
0.000000000000000000e+00
0.000000000000000000e+00
0.000000000000000000e+00
0.000000000000000000e+00
0.000000000000000000e+00
0.000000000000000000e+00
0.000000000000000000e+00
0.000000000000000000e+00
0.000000000000000000e+00
0.000000000000000000e+00
0.000000000000000000e+00
0.000000000000000000e+00
0.000000000000000000e+00
0.000000000000000000e+00
0.000000000000000000e+00
0.000000000000000000e+00
0.000000000000000000e+00
0.000000000000000000e+00
0.000000000000000000e+00
0.000000000000000000e+00
0.000000000000000000e+00
0.000000000000000000e+00
0.000000000000000000e+00
0.000000000000000000e+00
0.000000000000000000e+00
0.000000000000000000e+00
0.000000000000000000e+00
0.000000000000000000e+00
0.000000000000000000e+00
0.000000000000000000e+00
0.000000000000000000e+00
0.000000000000000000e+00
0.000000000000000000e+00
0.000000000000000000e+00
0.000000000000000000e+00
0.000000000000000000e+00
0.000000000000000000e+00
0.000000000000000000e+00
0.000000000000000000e+00
0.000000000000000000e+00
0.000000000000000000e+00
0.000000000000000000e+00
0.000000000000000000e+00
0.000000000000000000e+00
0.000000000000000000e+00
0.000000000000000000e+00
0.000000000000000000e+00
0.000000000000000000e+00
0.000000000000000000e+00
0.000000000000000000e+00
0.000000000000000000e+00
0.000000000000000000e+00
0.000000000000000000e+00
0.000000000000000000e+00
0.000000000000000000e+00
0.000000000000000000e+00
0.000000000000000000e+00
0.000000000000000000e+00
0.000000000000000000e+00
0.000000000000000000e+00
0.000000000000000000e+00
0.000000000000000000e+00
0.000000000000000000e+00
0.000000000000000000e+00
0.000000000000000000e+00
0.000000000000000000e+00
0.000000000000000000e+00
0.000000000000000000e+00
0.000000000000000000e+00
0.000000000000000000e+00
0.000000000000000000e+00
0.000000000000000000e+00
0.000000000000000000e+00
0.000000000000000000e+00
0.000000000000000000e+00
0.000000000000000000e+00
0.000000000000000000e+00
0.000000000000000000e+00
0.000000000000000000e+00
0.000000000000000000e+00
0.000000000000000000e+00
0.000000000000000000e+00
0.000000000000000000e+00
0.000000000000000000e+00
0.000000000000000000e+00
0.000000000000000000e+00
0.000000000000000000e+00
0.000000000000000000e+00
0.000000000000000000e+00
0.000000000000000000e+00
0.000000000000000000e+00
0.000000000000000000e+00
0.000000000000000000e+00
0.000000000000000000e+00
0.000000000000000000e+00
0.000000000000000000e+00
0.000000000000000000e+00
0.000000000000000000e+00
0.000000000000000000e+00
0.000000000000000000e+00
0.000000000000000000e+00
0.000000000000000000e+00
0.000000000000000000e+00
0.000000000000000000e+00
0.000000000000000000e+00
0.000000000000000000e+00
0.000000000000000000e+00
0.000000000000000000e+00
0.000000000000000000e+00
0.000000000000000000e+00
0.000000000000000000e+00
0.000000000000000000e+00
0.000000000000000000e+00
0.000000000000000000e+00
0.000000000000000000e+00
0.000000000000000000e+00
0.000000000000000000e+00
0.000000000000000000e+00
0.000000000000000000e+00
0.000000000000000000e+00
0.000000000000000000e+00
0.000000000000000000e+00
0.000000000000000000e+00
0.000000000000000000e+00
0.000000000000000000e+00
0.000000000000000000e+00
0.000000000000000000e+00
0.000000000000000000e+00
0.000000000000000000e+00
0.000000000000000000e+00
0.000000000000000000e+00
0.000000000000000000e+00
0.000000000000000000e+00
0.000000000000000000e+00
0.000000000000000000e+00
0.000000000000000000e+00
0.000000000000000000e+00
0.000000000000000000e+00
0.000000000000000000e+00
0.000000000000000000e+00
0.000000000000000000e+00
0.000000000000000000e+00
0.000000000000000000e+00
0.000000000000000000e+00
0.000000000000000000e+00
0.000000000000000000e+00
0.000000000000000000e+00
0.000000000000000000e+00
0.000000000000000000e+00
0.000000000000000000e+00
0.000000000000000000e+00
0.000000000000000000e+00
0.000000000000000000e+00
0.000000000000000000e+00
0.000000000000000000e+00
0.000000000000000000e+00
0.000000000000000000e+00
0.000000000000000000e+00
0.000000000000000000e+00
0.000000000000000000e+00
0.000000000000000000e+00
0.000000000000000000e+00
0.000000000000000000e+00
0.000000000000000000e+00
0.000000000000000000e+00
0.000000000000000000e+00
0.000000000000000000e+00
0.000000000000000000e+00
0.000000000000000000e+00
0.000000000000000000e+00
0.000000000000000000e+00
0.000000000000000000e+00
0.000000000000000000e+00
0.000000000000000000e+00
0.000000000000000000e+00
0.000000000000000000e+00
0.000000000000000000e+00
0.000000000000000000e+00
0.000000000000000000e+00
0.000000000000000000e+00
0.000000000000000000e+00
0.000000000000000000e+00
0.000000000000000000e+00
0.000000000000000000e+00
0.000000000000000000e+00
0.000000000000000000e+00
0.000000000000000000e+00
0.000000000000000000e+00
0.000000000000000000e+00
0.000000000000000000e+00
0.000000000000000000e+00
0.000000000000000000e+00
0.000000000000000000e+00
0.000000000000000000e+00
0.000000000000000000e+00
0.000000000000000000e+00
0.000000000000000000e+00
0.000000000000000000e+00
0.000000000000000000e+00
0.000000000000000000e+00
0.000000000000000000e+00
0.000000000000000000e+00
0.000000000000000000e+00
0.000000000000000000e+00
0.000000000000000000e+00
0.000000000000000000e+00
0.000000000000000000e+00
0.000000000000000000e+00
0.000000000000000000e+00
0.000000000000000000e+00
0.000000000000000000e+00
0.000000000000000000e+00
0.000000000000000000e+00
0.000000000000000000e+00
0.000000000000000000e+00
0.000000000000000000e+00
0.000000000000000000e+00
0.000000000000000000e+00
0.000000000000000000e+00
0.000000000000000000e+00
0.000000000000000000e+00
0.000000000000000000e+00
0.000000000000000000e+00
0.000000000000000000e+00
0.000000000000000000e+00
0.000000000000000000e+00
0.000000000000000000e+00
0.000000000000000000e+00
0.000000000000000000e+00
0.000000000000000000e+00
0.000000000000000000e+00
0.000000000000000000e+00
0.000000000000000000e+00
0.000000000000000000e+00
0.000000000000000000e+00
0.000000000000000000e+00
0.000000000000000000e+00
0.000000000000000000e+00
0.000000000000000000e+00
0.000000000000000000e+00
0.000000000000000000e+00
0.000000000000000000e+00
0.000000000000000000e+00
0.000000000000000000e+00
0.000000000000000000e+00
0.000000000000000000e+00
0.000000000000000000e+00
0.000000000000000000e+00
0.000000000000000000e+00
0.000000000000000000e+00
0.000000000000000000e+00
0.000000000000000000e+00
0.000000000000000000e+00
0.000000000000000000e+00
0.000000000000000000e+00
0.000000000000000000e+00
0.000000000000000000e+00
0.000000000000000000e+00
0.000000000000000000e+00
0.000000000000000000e+00
0.000000000000000000e+00
0.000000000000000000e+00
0.000000000000000000e+00
0.000000000000000000e+00
0.000000000000000000e+00
0.000000000000000000e+00
0.000000000000000000e+00
0.000000000000000000e+00
0.000000000000000000e+00
0.000000000000000000e+00
0.000000000000000000e+00
0.000000000000000000e+00
0.000000000000000000e+00
0.000000000000000000e+00
0.000000000000000000e+00
0.000000000000000000e+00
0.000000000000000000e+00
0.000000000000000000e+00
0.000000000000000000e+00
0.000000000000000000e+00
0.000000000000000000e+00
0.000000000000000000e+00
0.000000000000000000e+00
0.000000000000000000e+00
0.000000000000000000e+00
0.000000000000000000e+00
0.000000000000000000e+00
0.000000000000000000e+00
0.000000000000000000e+00
0.000000000000000000e+00
0.000000000000000000e+00
0.000000000000000000e+00
0.000000000000000000e+00
0.000000000000000000e+00
0.000000000000000000e+00
0.000000000000000000e+00
0.000000000000000000e+00
0.000000000000000000e+00
0.000000000000000000e+00
0.000000000000000000e+00
0.000000000000000000e+00
0.000000000000000000e+00
0.000000000000000000e+00
0.000000000000000000e+00
0.000000000000000000e+00
0.000000000000000000e+00
0.000000000000000000e+00
0.000000000000000000e+00
0.000000000000000000e+00
0.000000000000000000e+00
0.000000000000000000e+00
0.000000000000000000e+00
0.000000000000000000e+00
0.000000000000000000e+00
0.000000000000000000e+00
0.000000000000000000e+00
0.000000000000000000e+00
0.000000000000000000e+00
0.000000000000000000e+00
0.000000000000000000e+00
0.000000000000000000e+00
0.000000000000000000e+00
0.000000000000000000e+00
0.000000000000000000e+00
0.000000000000000000e+00
0.000000000000000000e+00
0.000000000000000000e+00
0.000000000000000000e+00
0.000000000000000000e+00
0.000000000000000000e+00
0.000000000000000000e+00
0.000000000000000000e+00
0.000000000000000000e+00
0.000000000000000000e+00
0.000000000000000000e+00
0.000000000000000000e+00
0.000000000000000000e+00
0.000000000000000000e+00
0.000000000000000000e+00
0.000000000000000000e+00
0.000000000000000000e+00
0.000000000000000000e+00
0.000000000000000000e+00
0.000000000000000000e+00
0.000000000000000000e+00
0.000000000000000000e+00
0.000000000000000000e+00
0.000000000000000000e+00
0.000000000000000000e+00
0.000000000000000000e+00
0.000000000000000000e+00
0.000000000000000000e+00
0.000000000000000000e+00
0.000000000000000000e+00
0.000000000000000000e+00
0.000000000000000000e+00
0.000000000000000000e+00
0.000000000000000000e+00
0.000000000000000000e+00
0.000000000000000000e+00
0.000000000000000000e+00
0.000000000000000000e+00
0.000000000000000000e+00
0.000000000000000000e+00
0.000000000000000000e+00
0.000000000000000000e+00
0.000000000000000000e+00
0.000000000000000000e+00
0.000000000000000000e+00
0.000000000000000000e+00
0.000000000000000000e+00
0.000000000000000000e+00
0.000000000000000000e+00
0.000000000000000000e+00
0.000000000000000000e+00
0.000000000000000000e+00
0.000000000000000000e+00
0.000000000000000000e+00
0.000000000000000000e+00
0.000000000000000000e+00
0.000000000000000000e+00
0.000000000000000000e+00
0.000000000000000000e+00
0.000000000000000000e+00
0.000000000000000000e+00
0.000000000000000000e+00
0.000000000000000000e+00
0.000000000000000000e+00
0.000000000000000000e+00
0.000000000000000000e+00
0.000000000000000000e+00
0.000000000000000000e+00
0.000000000000000000e+00
0.000000000000000000e+00
0.000000000000000000e+00
0.000000000000000000e+00
0.000000000000000000e+00
0.000000000000000000e+00
0.000000000000000000e+00
0.000000000000000000e+00
0.000000000000000000e+00
0.000000000000000000e+00
0.000000000000000000e+00
0.000000000000000000e+00
0.000000000000000000e+00
0.000000000000000000e+00
0.000000000000000000e+00
0.000000000000000000e+00
0.000000000000000000e+00
0.000000000000000000e+00
0.000000000000000000e+00
0.000000000000000000e+00
0.000000000000000000e+00
0.000000000000000000e+00
0.000000000000000000e+00
0.000000000000000000e+00
0.000000000000000000e+00
0.000000000000000000e+00
0.000000000000000000e+00
0.000000000000000000e+00
0.000000000000000000e+00
0.000000000000000000e+00
0.000000000000000000e+00
0.000000000000000000e+00
0.000000000000000000e+00
0.000000000000000000e+00
0.000000000000000000e+00
0.000000000000000000e+00
0.000000000000000000e+00
0.000000000000000000e+00
0.000000000000000000e+00
0.000000000000000000e+00
0.000000000000000000e+00
0.000000000000000000e+00
0.000000000000000000e+00
0.000000000000000000e+00
0.000000000000000000e+00
0.000000000000000000e+00
