3.552649557590484619e+00
3.176480650901794434e+00
2.019270166754722595e+00
1.849981591105461121e+00
1.525619313120841980e+00
1.680288150906562805e+00
1.260190203785896301e+00
1.475873561576008797e+00
1.768566321581602097e+00
1.107471555471420288e+00
1.107828795909881592e+00
8.596319034695625305e-01
7.088987194001674652e-01
9.960753135383129120e-01
1.400054626166820526e+00
8.208238817751407623e-01
4.920636620372533798e-01
5.209522992372512817e-01
4.373223837465047836e-01
2.575070129707455635e+00
1.323575003072619438e+00
5.335879921913146973e-01
5.544552057981491089e-01
3.468692936003208160e-01
3.489999771118164062e-01
3.435959145426750183e-01
3.207565732300281525e-01
2.352632135152816772e-01
2.191097494214773178e-01
1.844079643487930298e-01
2.024452555924654007e-01
1.721271127462387085e-01
1.724417936056852341e-01
1.533979903906583786e-01
1.543670278042554855e-01
1.467893049120903015e-01
1.428163014352321625e-01
1.448024790734052658e-01
1.379507072269916534e-01
1.405500788241624832e-01
1.316841933876276016e-01
1.296551488339900970e-01
1.342024113982915878e-01
1.265218704938888550e-01
1.277351696044206619e-01
1.242903787642717361e-01
1.243858244270086288e-01
1.236540656536817551e-01
1.196198258548974991e-01
1.208496913313865662e-01
1.195247862488031387e-01
1.190919615328311920e-01
1.169620361179113388e-01
1.161364838480949402e-01
1.189993154257535934e-01
1.156985480338335037e-01
1.146181989461183548e-01
1.131246443837881088e-01
1.136387195438146591e-01
1.122990213334560394e-01
1.179689187556505203e-01
1.180734802037477493e-01
1.171490680426359177e-01
1.176171228289604187e-01
1.157848965376615524e-01
1.153381373733282089e-01
1.171663887798786163e-01
1.147477943450212479e-01
1.151193063706159592e-01
1.143366489559412003e-01
1.144313402473926544e-01
1.146744377911090851e-01
1.128515228629112244e-01
1.133024133741855621e-01
1.131900120526552200e-01
1.128263417631387711e-01
1.122357714921236038e-01
1.119515150785446167e-01
1.132477745413780212e-01
1.119981929659843445e-01
1.486417017877101898e-01
1.481811832636594772e-01
1.485194507986307144e-01
1.478829942643642426e-01
1.476676743477582932e-01
1.475998889654874802e-01
1.472636107355356216e-01
1.475174874067306519e-01
1.466265395283699036e-01
1.464384254068136215e-01
1.475223675370216370e-01
1.461638398468494415e-01
1.463523115962743759e-01
1.459893882274627686e-01
1.460501998662948608e-01
1.462224125862121582e-01
1.451891288161277771e-01
1.454015746712684631e-01
1.454418767243623734e-01
1.451378129422664642e-01
1.076144799590110779e-01
1.074386499822139740e-01
1.082457806915044785e-01
1.075571328401565552e-01
1.071051321923732758e-01
1.069103125482797623e-01
1.071817204356193542e-01
1.067658979445695877e-01
1.066755391657352448e-01
1.066147144883871078e-01
1.064454317092895508e-01
1.066310610622167587e-01
1.060770917683839798e-01
1.059982944279909134e-01
1.067651603370904922e-01
1.058733668178319931e-01
1.059855520725250244e-01
1.057846769690513611e-01
1.058504376560449600e-01
1.059840787202119827e-01
1.278902180492877960e-01
1.280165109783411026e-01
1.281027775257825851e-01
1.278563383966684341e-01
1.277351081371307373e-01
1.276015136390924454e-01
1.281626112759113312e-01
1.276989560574293137e-01
1.273423656821250916e-01
1.272324100136756897e-01
1.274415403604507446e-01
1.271196249872446060e-01
1.270627602934837341e-01
1.269902624189853668e-01
1.268790178000926971e-01
1.270073745399713516e-01
1.265995670109987259e-01
1.265484802424907684e-01
1.271287668496370316e-01
1.264496892690658569e-01
9.465073049068450928e-02
9.451362676918506622e-02
9.456811845302581787e-02
9.467429295182228088e-02
9.417582489550113678e-02
9.426764957606792450e-02
9.436410665512084961e-02
9.417136199772357941e-02
9.411434829235076904e-02
9.401847608387470245e-02
9.445942193269729614e-02
9.413253888487815857e-02
9.384456090629100800e-02
9.378618001937866211e-02
9.396890178322792053e-02
9.371125884354114532e-02
9.369741566479206085e-02
9.363713487982749939e-02
9.356844052672386169e-02
9.368151798844337463e-02
1.252275556325912476e-01
1.251920331269502640e-01
1.256575211882591248e-01
1.251137387007474899e-01
1.251610908657312393e-01
1.250469256192445755e-01
1.250825151801109314e-01
1.251556444913148880e-01
1.247505024075508118e-01
1.248075179755687714e-01
1.248889230191707611e-01
1.247076429426670074e-01
1.246635317802429199e-01
1.245748512446880341e-01
1.249177716672420502e-01
1.246575713157653809e-01
1.243953891098499298e-01
1.243482157588005066e-01
1.244911793619394302e-01
1.242673955857753754e-01
9.248112142086029053e-02
9.242630563676357269e-02
9.237514249980449677e-02
9.246811270713806152e-02
9.221403114497661591e-02
9.219959937036037445e-02
9.260027296841144562e-02
9.215447120368480682e-02
9.220281615853309631e-02
9.211949445307254791e-02
9.216021932661533356e-02
9.223381802439689636e-02
9.190547093749046326e-02
9.195811487734317780e-02
9.204245358705520630e-02
9.189186803996562958e-02
9.187428466975688934e-02
9.180857241153717041e-02
9.210457094013690948e-02
9.189317747950553894e-02
1.202500592917203903e-01
1.202158797532320023e-01
1.203402001410722733e-01
1.201441846787929535e-01
1.201286520808935165e-01
1.200666651129722595e-01
1.200150698423385620e-01
1.200826447457075119e-01
1.198575831949710846e-01
1.198368798941373825e-01
1.201700158417224884e-01
1.197771504521369934e-01
1.198037732392549515e-01
1.197240408509969711e-01
1.197486314922571182e-01
1.197925936430692673e-01
1.195085477083921432e-01
1.195401251316070557e-01
1.196046415716409683e-01
1.194601450115442276e-01
9.082938171923160553e-02
9.077270328998565674e-02
9.102658554911613464e-02
9.084922261536121368e-02
9.066058136522769928e-02
9.064523875713348389e-02
9.076465852558612823e-02
9.059968963265419006e-02
9.059706144034862518e-02
9.055058285593986511e-02
9.051780030131340027e-02
9.058409929275512695e-02
9.039632044732570648e-02
9.039064683020114899e-02
9.069223515689373016e-02
9.035686217248439789e-02
9.038668870925903320e-02
9.032719582319259644e-02
9.035761654376983643e-02
9.040904603898525238e-02
1.172105371952056885e-01
1.172348596155643463e-01
1.172946207225322723e-01
1.171633526682853699e-01
1.171465981751680374e-01
1.170868221670389175e-01
1.172991320490837097e-01
1.171379610896110535e-01
1.169544029980897903e-01
1.169338170439004898e-01
1.170310135930776596e-01
1.168696843087673187e-01
1.168611180037260056e-01
1.168076395988464355e-01
1.167704612016677856e-01
1.168173141777515411e-01
1.166403293609619141e-01
1.166262719780206680e-01
1.168853510171175003e-01
1.165747474879026413e-01
8.859609998762607574e-02
8.854337036609649658e-02
8.857117779552936554e-02
8.861496299505233765e-02
8.839943818747997284e-02
8.842859417200088501e-02
8.849192596971988678e-02
8.837972022593021393e-02
8.837842568755149841e-02
8.833030611276626587e-02
8.852725848555564880e-02
8.839265815913677216e-02
8.823605813086032867e-02
8.822879940271377563e-02
8.832550048828125000e-02
8.818997628986835480e-02
8.818861283361911774e-02
8.814758062362670898e-02
8.812529221177101135e-02
8.817500621080398560e-02
1.160225290805101395e-01
1.160099562257528305e-01
1.162423826754093170e-01
1.159599237143993378e-01
1.159716509282588959e-01
1.159138176590204239e-01
1.159283146262168884e-01
1.159551143646240234e-01
1.157517544925212860e-01
1.157664563506841660e-01
1.158128138631582260e-01
1.157002765685319901e-01
1.156902406364679337e-01
1.156354807317256927e-01
1.158028077334165573e-01
1.156706027686595917e-01
1.155159361660480499e-01
1.155006792396306992e-01
1.155788693577051163e-01
1.154436878859996796e-01
8.744949661195278168e-02
8.741126209497451782e-02
8.739028312265872955e-02
8.743513934314250946e-02
8.729641325771808624e-02
8.729480020701885223e-02
8.751581050455570221e-02
8.726558648049831390e-02
8.728491701185703278e-02
8.724114112555980682e-02
8.726398274302482605e-02
8.729926496744155884e-02
8.711924776434898376e-02
8.714063651859760284e-02
8.719344064593315125e-02
8.709695562720298767e-02
8.709818311035633087e-02
8.705663867294788361e-02
8.721827343106269836e-02
8.710590004920959473e-02
1.136325243860483170e-01
1.136188823729753494e-01
1.136900726705789566e-01
1.135638859122991562e-01
1.135536562651395798e-01
1.135069616138935089e-01
1.134785283356904984e-01
1.135089956223964691e-01
1.133711803704500198e-01
1.133600566536188126e-01
1.135538723319768906e-01
1.133138835430145264e-01
1.133197415620088577e-01
1.132693272083997726e-01
1.132800206542015076e-01
1.133007574826478958e-01
1.131263673305511475e-01
1.131355557590723038e-01
1.131716649979352951e-01
1.130745150148868561e-01
8.636943437159061432e-02
8.632960356771945953e-02
8.647807128727436066e-02
8.637635596096515656e-02
8.624836429953575134e-02
8.624565973877906799e-02
8.632030896842479706e-02
8.621028438210487366e-02
8.620995469391345978e-02
8.617418631911277771e-02
8.615623041987419128e-02
8.619251474738121033e-02
8.607308194041252136e-02
8.607188239693641663e-02
8.625938184559345245e-02
8.604521863162517548e-02
8.605817146599292755e-02
8.601983077824115753e-02
8.603873103857040405e-02
8.606380783021450043e-02
1.119325533509254456e-01
1.119396165013313293e-01
1.119749136269092560e-01
1.118800491094589233e-01
1.118736770004034042e-01
1.118262223899364471e-01
1.119537092745304108e-01
1.118495166301727295e-01
1.117212176322937012e-01
1.117098107933998108e-01
1.117703374475240707e-01
1.116581764072179794e-01
1.116475965827703476e-01
1.116037219762802124e-01
1.115784272551536560e-01
1.116017475724220276e-01
1.114808041602373123e-01
1.114705037325620651e-01
1.116359438747167587e-01
1.114255301654338837e-01
8.501639217138290405e-02
8.498021587729454041e-02
8.499802276492118835e-02
8.502284623682498932e-02
8.487840741872787476e-02
8.489297702908515930e-02
8.493386954069137573e-02
8.485348336398601532e-02
8.485618047416210175e-02
8.481974527239799500e-02
8.494688011705875397e-02
8.485874906182289124e-02
8.474527858197689056e-02
8.474375307559967041e-02
8.480870351195335388e-02
8.471181616187095642e-02
8.470890857279300690e-02
8.467642962932586670e-02
8.466117829084396362e-02
8.469068072736263275e-02
1.110147852450609207e-01
1.110048294067382812e-01
1.111586373299360275e-01
1.109605897217988968e-01
1.109611112624406815e-01
1.109176576137542725e-01
1.109248548746109009e-01
1.109359674155712128e-01
1.107927411794662476e-01
1.107965447008609772e-01
1.108254473656415939e-01
1.107393056154251099e-01
1.107327453792095184e-01
1.106885317713022232e-01
1.107986159622669220e-01
1.107045244425535202e-01
1.105885449796915054e-01
1.105781868100166321e-01
1.106299739331007004e-01
1.105275899171829224e-01
8.409402146935462952e-02
8.406193368136882782e-02
8.404753915965557098e-02
8.407488837838172913e-02
8.397469669580459595e-02
8.397400379180908203e-02
8.412760309875011444e-02
8.394816517829895020e-02
8.395711146295070648e-02
8.392441831529140472e-02
8.393982425332069397e-02
8.395850844681262970e-02
8.383108302950859070e-02
8.384273014962673187e-02
8.387958630919456482e-02
8.380478993058204651e-02
8.380760066211223602e-02
8.377387002110481262e-02
8.388566039502620697e-02
8.380467072129249573e-02
1.095810420811176300e-01
1.095714326947927475e-01
1.096195243299007416e-01
1.095231007784605026e-01
1.095104441046714783e-01
1.094702035188674927e-01
1.094478983432054520e-01
1.094637829810380936e-01
1.093592550605535507e-01
1.093495786190032959e-01
1.094856597483158112e-01
1.093068569898605347e-01
1.093049664050340652e-01
1.092646084725856781e-01
1.092699728906154633e-01
1.092774271965026855e-01
1.091476045548915863e-01
1.091492641717195511e-01
1.091743800789117813e-01
1.090941745787858963e-01
8.317943848669528961e-02
8.314686827361583710e-02
8.325313776731491089e-02
8.317749388515949249e-02
8.307816274464130402e-02
8.307762071490287781e-02
8.313188888132572174e-02
8.304667659103870392e-02
8.304399065673351288e-02
8.301380090415477753e-02
8.300089649856090546e-02
8.302370086312294006e-02
8.293250389397144318e-02
8.293174207210540771e-02
8.306938409805297852e-02
8.290644362568855286e-02
8.291298523545265198e-02
8.288266509771347046e-02
8.289606869220733643e-02
8.291128650307655334e-02
1.083651762455701828e-01
1.083659995347261429e-01
1.083894073963165283e-01
1.083120722323656082e-01
1.083059832453727722e-01
1.082655340433120728e-01
1.083576045930385590e-01
1.082754991948604584e-01
1.081724856048822403e-01
1.081634555011987686e-01
1.082060858607292175e-01
1.081161387264728546e-01
1.081035789102315903e-01
1.080653630197048187e-01
1.080446112900972366e-01
1.080570016056299210e-01
1.079602502286434174e-01
1.079508345574140549e-01
1.080734189599752426e-01
1.079091280698776245e-01
8.213674463331699371e-02
8.210743032395839691e-02
8.212027885019779205e-02
8.213422261178493500e-02
8.202290162444114685e-02
8.203175477683544159e-02
8.206147141754627228e-02
8.199602365493774414e-02
8.199814707040786743e-02
8.196755312383174896e-02
8.206387236714363098e-02
8.199454285204410553e-02
8.190167881548404694e-02
8.190165460109710693e-02
8.195025473833084106e-02
8.187085948884487152e-02
8.186820149421691895e-02
8.183943107724189758e-02
8.182751759886741638e-02
8.184718713164329529e-02
1.075587254017591476e-01
1.075493004173040390e-01
1.076658982783555984e-01
1.075071524828672409e-01
1.075031459331512451e-01
1.074659451842308044e-01
1.074691917747259140e-01
1.074714176356792450e-01
1.073578335344791412e-01
1.073570568114519119e-01
1.073778755962848663e-01
1.073040142655372620e-01
1.072974354028701782e-01
1.072586998343467712e-01
1.073420811444520950e-01
1.072644125670194626e-01
1.071682237088680267e-01
1.071596182882785797e-01
1.071972567588090897e-01
1.071128547191619873e-01
8.130064047873020172e-02
8.127229288220405579e-02
8.126081340014934540e-02
8.127928897738456726e-02
8.119739033281803131e-02
8.119666948914527893e-02
8.131667040288448334e-02
8.117199689149856567e-02
8.117617294192314148e-02
8.114850707352161407e-02
8.115988038480281830e-02
8.117227442562580109e-02
8.106826618313789368e-02
8.107552863657474518e-02
8.110273629426956177e-02
8.104059100151062012e-02
8.104279823601245880e-02
8.101323805749416351e-02
8.110150508582592010e-02
8.103606477379798889e-02
1.065246537327766418e-01
1.065163649618625641e-01
1.065520271658897400e-01
1.064701192080974579e-01
1.064572501927614212e-01
1.064210105687379837e-01
1.064008846879005432e-01
1.064098607748746872e-01
1.063222419470548630e-01
1.063130274415016174e-01
1.064196471124887466e-01
1.062714010477066040e-01
1.062661204487085342e-01
1.062305979430675507e-01
1.062329169362783432e-01
1.062340494245290756e-01
1.061265766620635986e-01
1.061249207705259323e-01
1.061427518725395203e-01
1.060732211917638779e-01
8.046651072800159454e-02
8.043751306831836700e-02
8.052258752286434174e-02
8.045804314315319061e-02
8.037523925304412842e-02
8.037558011710643768e-02
8.041795529425144196e-02
8.034690842032432556e-02
8.034219592809677124e-02
8.031494915485382080e-02
8.030465617775917053e-02
8.032003603875637054e-02
8.024322986602783203e-02
8.024253882467746735e-02
8.035341277718544006e-02
8.021808043122291565e-02
8.022107183933258057e-02
8.019459620118141174e-02
8.020494878292083740e-02
8.021481521427631378e-02
1.055459305644035339e-01
1.055438909679651260e-01
1.055604703724384308e-01
1.054929550737142563e-01
1.054863762110471725e-01
1.054495275020599365e-01
1.055231578648090363e-01
1.054528020322322845e-01
1.053632628172636032e-01
1.053551975637674332e-01
1.053874790668487549e-01
1.053097192198038101e-01
1.052969936281442642e-01
1.052615810185670853e-01
1.052425447851419449e-01
1.052494235336780548e-01
1.051661763340234756e-01
1.051571015268564224e-01
1.052558887749910355e-01
1.051162704825401306e-01
7.957091927528381348e-02
7.954518310725688934e-02
7.955512776970863342e-02
7.956313341856002808e-02
7.947008870542049408e-02
7.947606593370437622e-02
7.949984818696975708e-02
7.944220304489135742e-02
7.944371737539768219e-02
7.941599935293197632e-02
7.949524186551570892e-02
7.943536713719367981e-02
7.935537584125995636e-02
7.935597933828830719e-02
7.939493656158447266e-02
7.932693697512149811e-02
7.932296022772789001e-02
7.929638959467411041e-02
7.928657531738281250e-02
7.930013723671436310e-02
1.048024520277976990e-01
1.047933120280504227e-01
1.048883777111768723e-01
1.047525182366371155e-01
1.047461163252592087e-01
1.047124583274126053e-01
1.047134306281805038e-01
1.047124974429607391e-01
1.046135406941175461e-01
1.046107411384582520e-01
1.046250537037849426e-01
1.045605354011058807e-01
1.045535542070865631e-01
1.045178044587373734e-01
1.045863218605518341e-01
1.045190449804067612e-01
1.044331341981887817e-01
1.044252123683691025e-01
1.044545378535985947e-01
1.043801847845315933e-01
7.878053002059459686e-02
7.875426299870014191e-02
7.874441146850585938e-02
7.875763904303312302e-02
7.868664618581533432e-02
7.868588529527187347e-02
7.878617942333221436e-02
7.866214122623205185e-02
7.866347488015890121e-02
7.863858528435230255e-02
7.864771597087383270e-02
7.865431997925043106e-02
7.856610603630542755e-02
7.857132051140069962e-02
7.859305851161479950e-02
7.853826973587274551e-02
7.853943482041358948e-02
7.851257734000682831e-02
7.858684286475181580e-02
7.852968852967023849e-02
1.039900165051221848e-01
1.039824187755584717e-01
1.040103044360876083e-01
1.039376687258481979e-01
1.039245221763849258e-01
1.038906238973140717e-01
1.038728337734937668e-01
1.038767658174037933e-01
1.037991233170032501e-01
1.037901025265455246e-01
1.038790438324213028e-01
1.037498917430639267e-01
1.037425473332405090e-01
1.037098821252584457e-01
1.037104316055774689e-01
1.037078779190778732e-01
1.036136802285909653e-01
1.036103870719671249e-01
1.036232393234968185e-01
1.035609468817710876e-01
7.799730356782674789e-02
7.797077670693397522e-02
7.804316375404596329e-02
7.798670511692762375e-02
7.791253831237554550e-02
7.791325822472572327e-02
7.794829457998275757e-02
7.788521517068147659e-02
7.788053434342145920e-02
7.785493042320013046e-02
7.784592732787132263e-02
7.785721402615308762e-02
7.778939139097929001e-02
7.778854016214609146e-02
7.788303308188915253e-02
7.776467967778444290e-02
7.776570506393909454e-02
7.774170301854610443e-02
7.775013428181409836e-02
7.775614131242036819e-02
1.031540092080831528e-01
1.031503919512033463e-01
1.031628493219614029e-01
1.031016074120998383e-01
1.030944883823394775e-01
1.030602250248193741e-01
1.031224355101585388e-01
1.030587498098611832e-01
1.029782462865114212e-01
1.029708795249462128e-01
1.029966510832309723e-01
1.029268801212310791e-01
1.029137521982192993e-01
1.028803624212741852e-01
1.028633657842874527e-01
1.028659325093030930e-01
1.027910932898521423e-01
1.027822811156511307e-01
1.028661616146564484e-01
1.027424111962318420e-01
7.719019148498773575e-02
7.716654893010854721e-02
7.717478927224874496e-02
7.718077860772609711e-02
7.709721848368644714e-02
7.710172515362501144e-02
7.712115347385406494e-02
7.706944085657596588e-02
7.707037683576345444e-02
7.704453449696302414e-02
7.711322326213121414e-02
7.705941051244735718e-02
7.698762603104114532e-02
7.698841765522956848e-02
7.702136877924203873e-02
7.696093805134296417e-02
7.695562392473220825e-02
7.693094108253717422e-02
7.692236918956041336e-02
7.693231385201215744e-02
1.024550460278987885e-01
1.024461314082145691e-01
1.025276929140090942e-01
1.024066209793090820e-01
1.023985408246517181e-01
1.023672074079513550e-01
1.023669876158237457e-01
1.023633051663637161e-01
1.022744234651327133e-01
1.022705491632223129e-01
1.022812835872173309e-01
1.022222936153411865e-01
1.022149920463562012e-01
1.021812986582517624e-01
1.022402830421924591e-01
1.021791454404592514e-01
1.021006535738706589e-01
1.020932998508214951e-01
1.021172050386667252e-01
1.020495817065238953e-01
7.643069606274366379e-02
7.640608120709657669e-02
7.639785483479499817e-02
7.640728726983070374e-02
7.634315919131040573e-02
7.634244486689567566e-02
7.643001805990934372e-02
7.631889544427394867e-02
7.631913293153047562e-02
7.629632670432329178e-02
7.630408927798271179e-02
7.630919758230447769e-02
7.622877322137355804e-02
7.623273134231567383e-02
7.625087350606918335e-02
7.620111573487520218e-02
7.620178163051605225e-02
7.617659587413072586e-02
7.624218799173831940e-02
7.618945930153131485e-02
1.017842497676610947e-01
1.017770282924175262e-01
1.017999369651079178e-01
1.017334721982479095e-01
1.017203051596879959e-01
1.016877945512533188e-01
1.016716044396162033e-01
1.016724593937397003e-01
1.016013901680707932e-01
1.015925835818052292e-01
1.016700901091098785e-01
1.015533208847045898e-01
1.015448775142431259e-01
1.015142351388931274e-01
1.015137508511543274e-01
1.015095468610525131e-01
1.014234423637390137e-01
1.014190968126058578e-01
1.014285329729318619e-01
1.013716254383325577e-01
7.568529155105352402e-02
7.566023711115121841e-02
7.572481501847505569e-02
7.567302230745553970e-02
7.560524716973304749e-02
7.560610957443714142e-02
7.563639525324106216e-02
7.557873148471117020e-02
7.557366508990526199e-02
7.554968167096376419e-02
7.554182689636945724e-02
7.555009983479976654e-02
7.548837736248970032e-02
7.548759318888187408e-02
7.557136751711368561e-02
7.546431291848421097e-02
7.546397391706705093e-02
7.544171996414661407e-02
7.544915936887264252e-02
7.545256521552801132e-02
1.010463349521160126e-01
1.010419279336929321e-01
1.010514982044696808e-01
1.009946875274181366e-01
1.009872741997241974e-01
1.009546015411615372e-01
1.010095085948705673e-01
1.009501870721578598e-01
1.008760482072830200e-01
1.008691396564245224e-01
1.008906029164791107e-01
1.008262019604444504e-01
1.008127536624670029e-01
1.007808558642864227e-01
1.007651668041944504e-01
1.007651854306459427e-01
1.006962880492210388e-01
1.006875336170196533e-01
1.007614657282829285e-01
1.006485447287559509e-01
7.493942603468894958e-02
7.491744030267000198e-02
7.492487039417028427e-02
7.492795959115028381e-02
7.485241815447807312e-02
7.485598325729370117e-02
7.487291563302278519e-02
7.482496835291385651e-02
7.482522074133157730e-02
7.480098120868206024e-02
7.486299518495798111e-02
7.481312658637762070e-02
7.474694494158029556e-02
7.474800106137990952e-02
7.477660942822694778e-02
7.472107652574777603e-02
7.471567858010530472e-02
7.469209842383861542e-02
7.468430139124393463e-02
7.469224464148283005e-02
1.003825329244136810e-01
1.003738101571798325e-01
1.004461254924535751e-01
1.003350839018821716e-01
1.003262698650360107e-01
1.002964973449707031e-01
1.002956591546535492e-01
1.002894751727581024e-01
1.002083681523799896e-01
1.002038493752479553e-01
1.002123542129993439e-01
1.001570969820022583e-01
1.001494247466325760e-01
1.001172251999378204e-01
1.001702193170785904e-01
1.001127026975154877e-01
1.000398378819227219e-01
1.000329740345478058e-01
1.000531241297721863e-01
9.999022819101810455e-02
7.420414686203002930e-02
7.418053131550550461e-02
7.417311891913414001e-02
7.418054807931184769e-02
7.412126939743757248e-02
7.412071619182825089e-02
7.419950515031814575e-02
7.409789785742759705e-02
7.409702241420745850e-02
7.407541852444410324e-02
7.408250309526920319e-02
7.408552430570125580e-02
7.401183340698480606e-02
7.401508651673793793e-02
7.403137441724538803e-02
7.398453447967767715e-02
7.398486882448196411e-02
7.396088633686304092e-02
7.402046117931604385e-02
7.397133018821477890e-02
9.981262311339378357e-02
9.980573505163192749e-02
9.982515871524810791e-02
9.976324252784252167e-02
9.974992461502552032e-02
9.971854649484157562e-02
9.970350749790668488e-02
9.970246814191341400e-02
9.963605180382728577e-02
9.962742775678634644e-02
9.969685412943363190e-02
9.958883933722972870e-02
9.958000667393207550e-02
9.955071844160556793e-02
9.954979270696640015e-02
9.954467602074146271e-02
9.946381114423274994e-02
9.945907443761825562e-02
9.946657344698905945e-02
9.941298887133598328e-02
7.348912488669157028e-02
7.346540968865156174e-02
7.352430559694766998e-02
7.347616739571094513e-02
7.341279368847608566e-02
7.341402117162942886e-02
7.344087399542331696e-02
7.338766939938068390e-02
7.338220160454511642e-02
7.335896044969558716e-02
7.335191313177347183e-02
7.335858047008514404e-02
7.330086361616849899e-02
7.330038212239742279e-02
7.337619177997112274e-02
7.327790092676877975e-02
7.327658217400312424e-02
7.325556129217147827e-02
7.326230220496654510e-02
7.326414715498685837e-02
9.916271083056926727e-02
9.915790334343910217e-02
9.916499070823192596e-02
9.911213442683219910e-02
9.910433366894721985e-02
9.907284937798976898e-02
9.912303276360034943e-02
9.906802326440811157e-02
9.899706020951271057e-02
9.899046458303928375e-02
9.900873713195323944e-02
9.894802048802375793e-02
9.893500991165637970e-02
9.890415146946907043e-02
9.888949804008007050e-02
9.888775646686553955e-02
9.882294945418834686e-02
9.881447441875934601e-02
9.888140857219696045e-02
9.877630509436130524e-02
7.279239501804113388e-02
7.277152966707944870e-02
7.277833484113216400e-02
7.278030551970005035e-02
7.270979974418878555e-02
7.271284610033035278e-02
7.272788323462009430e-02
7.268295902758836746e-02
7.268300000578165054e-02
7.265964429825544357e-02
7.271676976233720779e-02
7.266942318528890610e-02
7.260791584849357605e-02
7.260924763977527618e-02
7.263496611267328262e-02
7.258312590420246124e-02
7.257756218314170837e-02
7.255472242832183838e-02
7.254799921065568924e-02
7.255395594984292984e-02
0.000000000000000000e+00
0.000000000000000000e+00
0.000000000000000000e+00
0.000000000000000000e+00
0.000000000000000000e+00
0.000000000000000000e+00
0.000000000000000000e+00
0.000000000000000000e+00
0.000000000000000000e+00
0.000000000000000000e+00
0.000000000000000000e+00
0.000000000000000000e+00
0.000000000000000000e+00
0.000000000000000000e+00
0.000000000000000000e+00
0.000000000000000000e+00
0.000000000000000000e+00
0.000000000000000000e+00
0.000000000000000000e+00
0.000000000000000000e+00
0.000000000000000000e+00
0.000000000000000000e+00
0.000000000000000000e+00
0.000000000000000000e+00
0.000000000000000000e+00
0.000000000000000000e+00
0.000000000000000000e+00
0.000000000000000000e+00
0.000000000000000000e+00
0.000000000000000000e+00
0.000000000000000000e+00
0.000000000000000000e+00
0.000000000000000000e+00
0.000000000000000000e+00
0.000000000000000000e+00
0.000000000000000000e+00
0.000000000000000000e+00
0.000000000000000000e+00
0.000000000000000000e+00
0.000000000000000000e+00
0.000000000000000000e+00
0.000000000000000000e+00
0.000000000000000000e+00
0.000000000000000000e+00
0.000000000000000000e+00
0.000000000000000000e+00
0.000000000000000000e+00
0.000000000000000000e+00
0.000000000000000000e+00
0.000000000000000000e+00
0.000000000000000000e+00
0.000000000000000000e+00
0.000000000000000000e+00
0.000000000000000000e+00
0.000000000000000000e+00
0.000000000000000000e+00
0.000000000000000000e+00
0.000000000000000000e+00
0.000000000000000000e+00
0.000000000000000000e+00
0.000000000000000000e+00
0.000000000000000000e+00
0.000000000000000000e+00
0.000000000000000000e+00
0.000000000000000000e+00
0.000000000000000000e+00
0.000000000000000000e+00
0.000000000000000000e+00
0.000000000000000000e+00
0.000000000000000000e+00
0.000000000000000000e+00
0.000000000000000000e+00
0.000000000000000000e+00
0.000000000000000000e+00
0.000000000000000000e+00
0.000000000000000000e+00
0.000000000000000000e+00
0.000000000000000000e+00
0.000000000000000000e+00
0.000000000000000000e+00
0.000000000000000000e+00
0.000000000000000000e+00
0.000000000000000000e+00
0.000000000000000000e+00
0.000000000000000000e+00
0.000000000000000000e+00
0.000000000000000000e+00
0.000000000000000000e+00
0.000000000000000000e+00
0.000000000000000000e+00
0.000000000000000000e+00
0.000000000000000000e+00
0.000000000000000000e+00
0.000000000000000000e+00
0.000000000000000000e+00
0.000000000000000000e+00
0.000000000000000000e+00
0.000000000000000000e+00
0.000000000000000000e+00
0.000000000000000000e+00
0.000000000000000000e+00
0.000000000000000000e+00
0.000000000000000000e+00
0.000000000000000000e+00
0.000000000000000000e+00
0.000000000000000000e+00
0.000000000000000000e+00
0.000000000000000000e+00
0.000000000000000000e+00
0.000000000000000000e+00
0.000000000000000000e+00
0.000000000000000000e+00
0.000000000000000000e+00
0.000000000000000000e+00
0.000000000000000000e+00
0.000000000000000000e+00
0.000000000000000000e+00
0.000000000000000000e+00
0.000000000000000000e+00
0.000000000000000000e+00
0.000000000000000000e+00
0.000000000000000000e+00
0.000000000000000000e+00
0.000000000000000000e+00
0.000000000000000000e+00
0.000000000000000000e+00
0.000000000000000000e+00
0.000000000000000000e+00
0.000000000000000000e+00
0.000000000000000000e+00
0.000000000000000000e+00
0.000000000000000000e+00
0.000000000000000000e+00
0.000000000000000000e+00
0.000000000000000000e+00
0.000000000000000000e+00
0.000000000000000000e+00
0.000000000000000000e+00
0.000000000000000000e+00
0.000000000000000000e+00
0.000000000000000000e+00
0.000000000000000000e+00
0.000000000000000000e+00
0.000000000000000000e+00
0.000000000000000000e+00
0.000000000000000000e+00
0.000000000000000000e+00
0.000000000000000000e+00
0.000000000000000000e+00
0.000000000000000000e+00
0.000000000000000000e+00
0.000000000000000000e+00
0.000000000000000000e+00
0.000000000000000000e+00
0.000000000000000000e+00
0.000000000000000000e+00
0.000000000000000000e+00
0.000000000000000000e+00
0.000000000000000000e+00
0.000000000000000000e+00
0.000000000000000000e+00
0.000000000000000000e+00
0.000000000000000000e+00
0.000000000000000000e+00
0.000000000000000000e+00
0.000000000000000000e+00
0.000000000000000000e+00
0.000000000000000000e+00
0.000000000000000000e+00
0.000000000000000000e+00
0.000000000000000000e+00
0.000000000000000000e+00
0.000000000000000000e+00
0.000000000000000000e+00
0.000000000000000000e+00
0.000000000000000000e+00
0.000000000000000000e+00
0.000000000000000000e+00
0.000000000000000000e+00
0.000000000000000000e+00
0.000000000000000000e+00
0.000000000000000000e+00
0.000000000000000000e+00
0.000000000000000000e+00
0.000000000000000000e+00
0.000000000000000000e+00
0.000000000000000000e+00
0.000000000000000000e+00
0.000000000000000000e+00
0.000000000000000000e+00
0.000000000000000000e+00
0.000000000000000000e+00
0.000000000000000000e+00
0.000000000000000000e+00
0.000000000000000000e+00
0.000000000000000000e+00
0.000000000000000000e+00
0.000000000000000000e+00
0.000000000000000000e+00
0.000000000000000000e+00
0.000000000000000000e+00
0.000000000000000000e+00
0.000000000000000000e+00
0.000000000000000000e+00
0.000000000000000000e+00
0.000000000000000000e+00
0.000000000000000000e+00
0.000000000000000000e+00
0.000000000000000000e+00
0.000000000000000000e+00
0.000000000000000000e+00
0.000000000000000000e+00
0.000000000000000000e+00
0.000000000000000000e+00
0.000000000000000000e+00
0.000000000000000000e+00
0.000000000000000000e+00
0.000000000000000000e+00
0.000000000000000000e+00
0.000000000000000000e+00
0.000000000000000000e+00
0.000000000000000000e+00
0.000000000000000000e+00
0.000000000000000000e+00
0.000000000000000000e+00
0.000000000000000000e+00
0.000000000000000000e+00
0.000000000000000000e+00
0.000000000000000000e+00
0.000000000000000000e+00
0.000000000000000000e+00
0.000000000000000000e+00
0.000000000000000000e+00
0.000000000000000000e+00
0.000000000000000000e+00
0.000000000000000000e+00
0.000000000000000000e+00
0.000000000000000000e+00
0.000000000000000000e+00
0.000000000000000000e+00
0.000000000000000000e+00
0.000000000000000000e+00
0.000000000000000000e+00
0.000000000000000000e+00
0.000000000000000000e+00
0.000000000000000000e+00
0.000000000000000000e+00
0.000000000000000000e+00
0.000000000000000000e+00
0.000000000000000000e+00
0.000000000000000000e+00
0.000000000000000000e+00
0.000000000000000000e+00
0.000000000000000000e+00
0.000000000000000000e+00
0.000000000000000000e+00
0.000000000000000000e+00
0.000000000000000000e+00
0.000000000000000000e+00
0.000000000000000000e+00
0.000000000000000000e+00
0.000000000000000000e+00
0.000000000000000000e+00
0.000000000000000000e+00
0.000000000000000000e+00
0.000000000000000000e+00
0.000000000000000000e+00
0.000000000000000000e+00
0.000000000000000000e+00
0.000000000000000000e+00
0.000000000000000000e+00
0.000000000000000000e+00
0.000000000000000000e+00
0.000000000000000000e+00
0.000000000000000000e+00
0.000000000000000000e+00
0.000000000000000000e+00
0.000000000000000000e+00
0.000000000000000000e+00
0.000000000000000000e+00
0.000000000000000000e+00
0.000000000000000000e+00
0.000000000000000000e+00
0.000000000000000000e+00
0.000000000000000000e+00
0.000000000000000000e+00
0.000000000000000000e+00
0.000000000000000000e+00
0.000000000000000000e+00
0.000000000000000000e+00
0.000000000000000000e+00
0.000000000000000000e+00
0.000000000000000000e+00
0.000000000000000000e+00
0.000000000000000000e+00
0.000000000000000000e+00
0.000000000000000000e+00
0.000000000000000000e+00
0.000000000000000000e+00
0.000000000000000000e+00
0.000000000000000000e+00
0.000000000000000000e+00
0.000000000000000000e+00
0.000000000000000000e+00
0.000000000000000000e+00
0.000000000000000000e+00
0.000000000000000000e+00
0.000000000000000000e+00
0.000000000000000000e+00
0.000000000000000000e+00
0.000000000000000000e+00
0.000000000000000000e+00
0.000000000000000000e+00
0.000000000000000000e+00
0.000000000000000000e+00
0.000000000000000000e+00
0.000000000000000000e+00
0.000000000000000000e+00
0.000000000000000000e+00
0.000000000000000000e+00
0.000000000000000000e+00
0.000000000000000000e+00
0.000000000000000000e+00
0.000000000000000000e+00
0.000000000000000000e+00
0.000000000000000000e+00
0.000000000000000000e+00
0.000000000000000000e+00
0.000000000000000000e+00
0.000000000000000000e+00
0.000000000000000000e+00
0.000000000000000000e+00
0.000000000000000000e+00
0.000000000000000000e+00
0.000000000000000000e+00
0.000000000000000000e+00
0.000000000000000000e+00
0.000000000000000000e+00
0.000000000000000000e+00
0.000000000000000000e+00
0.000000000000000000e+00
0.000000000000000000e+00
0.000000000000000000e+00
0.000000000000000000e+00
0.000000000000000000e+00
0.000000000000000000e+00
0.000000000000000000e+00
0.000000000000000000e+00
0.000000000000000000e+00
0.000000000000000000e+00
0.000000000000000000e+00
0.000000000000000000e+00
0.000000000000000000e+00
0.000000000000000000e+00
0.000000000000000000e+00
0.000000000000000000e+00
0.000000000000000000e+00
0.000000000000000000e+00
0.000000000000000000e+00
0.000000000000000000e+00
0.000000000000000000e+00
0.000000000000000000e+00
0.000000000000000000e+00
0.000000000000000000e+00
0.000000000000000000e+00
0.000000000000000000e+00
0.000000000000000000e+00
0.000000000000000000e+00
0.000000000000000000e+00
0.000000000000000000e+00
0.000000000000000000e+00
0.000000000000000000e+00
0.000000000000000000e+00
0.000000000000000000e+00
0.000000000000000000e+00
0.000000000000000000e+00
0.000000000000000000e+00
0.000000000000000000e+00
0.000000000000000000e+00
0.000000000000000000e+00
0.000000000000000000e+00
0.000000000000000000e+00
0.000000000000000000e+00
0.000000000000000000e+00
0.000000000000000000e+00
0.000000000000000000e+00
0.000000000000000000e+00
0.000000000000000000e+00
0.000000000000000000e+00
0.000000000000000000e+00
0.000000000000000000e+00
0.000000000000000000e+00
0.000000000000000000e+00
0.000000000000000000e+00
0.000000000000000000e+00
0.000000000000000000e+00
0.000000000000000000e+00
0.000000000000000000e+00
0.000000000000000000e+00
0.000000000000000000e+00
0.000000000000000000e+00
0.000000000000000000e+00
0.000000000000000000e+00
0.000000000000000000e+00
0.000000000000000000e+00
0.000000000000000000e+00
0.000000000000000000e+00
0.000000000000000000e+00
0.000000000000000000e+00
0.000000000000000000e+00
0.000000000000000000e+00
0.000000000000000000e+00
0.000000000000000000e+00
0.000000000000000000e+00
0.000000000000000000e+00
0.000000000000000000e+00
0.000000000000000000e+00
0.000000000000000000e+00
0.000000000000000000e+00
0.000000000000000000e+00
0.000000000000000000e+00
0.000000000000000000e+00
0.000000000000000000e+00
0.000000000000000000e+00
0.000000000000000000e+00
0.000000000000000000e+00
0.000000000000000000e+00
0.000000000000000000e+00
0.000000000000000000e+00
0.000000000000000000e+00
0.000000000000000000e+00
0.000000000000000000e+00
0.000000000000000000e+00
0.000000000000000000e+00
0.000000000000000000e+00
0.000000000000000000e+00
0.000000000000000000e+00
0.000000000000000000e+00
0.000000000000000000e+00
0.000000000000000000e+00
0.000000000000000000e+00
0.000000000000000000e+00
0.000000000000000000e+00
0.000000000000000000e+00
0.000000000000000000e+00
0.000000000000000000e+00
0.000000000000000000e+00
0.000000000000000000e+00
0.000000000000000000e+00
0.000000000000000000e+00
0.000000000000000000e+00
0.000000000000000000e+00
0.000000000000000000e+00
0.000000000000000000e+00
0.000000000000000000e+00
0.000000000000000000e+00
0.000000000000000000e+00
0.000000000000000000e+00
0.000000000000000000e+00
0.000000000000000000e+00
0.000000000000000000e+00
0.000000000000000000e+00
0.000000000000000000e+00
0.000000000000000000e+00
0.000000000000000000e+00
0.000000000000000000e+00
0.000000000000000000e+00
0.000000000000000000e+00
0.000000000000000000e+00
0.000000000000000000e+00
0.000000000000000000e+00
0.000000000000000000e+00
0.000000000000000000e+00
0.000000000000000000e+00
0.000000000000000000e+00
0.000000000000000000e+00
0.000000000000000000e+00
0.000000000000000000e+00
0.000000000000000000e+00
0.000000000000000000e+00
0.000000000000000000e+00
0.000000000000000000e+00
0.000000000000000000e+00
0.000000000000000000e+00
0.000000000000000000e+00
0.000000000000000000e+00
0.000000000000000000e+00
0.000000000000000000e+00
0.000000000000000000e+00
0.000000000000000000e+00
0.000000000000000000e+00
0.000000000000000000e+00
0.000000000000000000e+00
0.000000000000000000e+00
0.000000000000000000e+00
0.000000000000000000e+00
0.000000000000000000e+00
0.000000000000000000e+00
0.000000000000000000e+00
0.000000000000000000e+00
0.000000000000000000e+00
0.000000000000000000e+00
0.000000000000000000e+00
0.000000000000000000e+00
0.000000000000000000e+00
0.000000000000000000e+00
0.000000000000000000e+00
0.000000000000000000e+00
0.000000000000000000e+00
0.000000000000000000e+00
0.000000000000000000e+00
0.000000000000000000e+00
0.000000000000000000e+00
0.000000000000000000e+00
0.000000000000000000e+00
0.000000000000000000e+00
0.000000000000000000e+00
0.000000000000000000e+00
0.000000000000000000e+00
0.000000000000000000e+00
0.000000000000000000e+00
0.000000000000000000e+00
0.000000000000000000e+00
0.000000000000000000e+00
0.000000000000000000e+00
0.000000000000000000e+00
0.000000000000000000e+00
0.000000000000000000e+00
0.000000000000000000e+00
0.000000000000000000e+00
0.000000000000000000e+00
0.000000000000000000e+00
0.000000000000000000e+00
0.000000000000000000e+00
0.000000000000000000e+00
0.000000000000000000e+00
0.000000000000000000e+00
0.000000000000000000e+00
0.000000000000000000e+00
0.000000000000000000e+00
0.000000000000000000e+00
0.000000000000000000e+00
0.000000000000000000e+00
0.000000000000000000e+00
0.000000000000000000e+00
0.000000000000000000e+00
0.000000000000000000e+00
0.000000000000000000e+00
0.000000000000000000e+00
0.000000000000000000e+00
0.000000000000000000e+00
0.000000000000000000e+00
0.000000000000000000e+00
0.000000000000000000e+00
0.000000000000000000e+00
0.000000000000000000e+00
0.000000000000000000e+00
0.000000000000000000e+00
0.000000000000000000e+00
0.000000000000000000e+00
0.000000000000000000e+00
0.000000000000000000e+00
0.000000000000000000e+00
0.000000000000000000e+00
0.000000000000000000e+00
0.000000000000000000e+00
0.000000000000000000e+00
0.000000000000000000e+00
0.000000000000000000e+00
0.000000000000000000e+00
0.000000000000000000e+00
0.000000000000000000e+00
0.000000000000000000e+00
0.000000000000000000e+00
0.000000000000000000e+00
0.000000000000000000e+00
0.000000000000000000e+00
0.000000000000000000e+00
0.000000000000000000e+00
0.000000000000000000e+00
0.000000000000000000e+00
0.000000000000000000e+00
0.000000000000000000e+00
0.000000000000000000e+00
0.000000000000000000e+00
0.000000000000000000e+00
0.000000000000000000e+00
0.000000000000000000e+00
0.000000000000000000e+00
0.000000000000000000e+00
0.000000000000000000e+00
0.000000000000000000e+00
0.000000000000000000e+00
0.000000000000000000e+00
0.000000000000000000e+00
0.000000000000000000e+00
0.000000000000000000e+00
0.000000000000000000e+00
0.000000000000000000e+00
0.000000000000000000e+00
0.000000000000000000e+00
0.000000000000000000e+00
0.000000000000000000e+00
0.000000000000000000e+00
0.000000000000000000e+00
0.000000000000000000e+00
0.000000000000000000e+00
0.000000000000000000e+00
0.000000000000000000e+00
0.000000000000000000e+00
0.000000000000000000e+00
0.000000000000000000e+00
0.000000000000000000e+00
0.000000000000000000e+00
0.000000000000000000e+00
0.000000000000000000e+00
0.000000000000000000e+00
0.000000000000000000e+00
0.000000000000000000e+00
0.000000000000000000e+00
0.000000000000000000e+00
0.000000000000000000e+00
0.000000000000000000e+00
0.000000000000000000e+00
0.000000000000000000e+00
0.000000000000000000e+00
0.000000000000000000e+00
0.000000000000000000e+00
0.000000000000000000e+00
0.000000000000000000e+00
0.000000000000000000e+00
0.000000000000000000e+00
0.000000000000000000e+00
0.000000000000000000e+00
0.000000000000000000e+00
0.000000000000000000e+00
0.000000000000000000e+00
0.000000000000000000e+00
0.000000000000000000e+00
0.000000000000000000e+00
0.000000000000000000e+00
0.000000000000000000e+00
0.000000000000000000e+00
0.000000000000000000e+00
0.000000000000000000e+00
0.000000000000000000e+00
0.000000000000000000e+00
0.000000000000000000e+00
0.000000000000000000e+00
0.000000000000000000e+00
0.000000000000000000e+00
0.000000000000000000e+00
0.000000000000000000e+00
0.000000000000000000e+00
0.000000000000000000e+00
0.000000000000000000e+00
0.000000000000000000e+00
0.000000000000000000e+00
0.000000000000000000e+00
0.000000000000000000e+00
0.000000000000000000e+00
0.000000000000000000e+00
0.000000000000000000e+00
0.000000000000000000e+00
0.000000000000000000e+00
0.000000000000000000e+00
0.000000000000000000e+00
0.000000000000000000e+00
0.000000000000000000e+00
0.000000000000000000e+00
0.000000000000000000e+00
0.000000000000000000e+00
0.000000000000000000e+00
0.000000000000000000e+00
0.000000000000000000e+00
0.000000000000000000e+00
0.000000000000000000e+00
0.000000000000000000e+00
0.000000000000000000e+00
0.000000000000000000e+00
0.000000000000000000e+00
0.000000000000000000e+00
0.000000000000000000e+00
0.000000000000000000e+00
0.000000000000000000e+00
0.000000000000000000e+00
0.000000000000000000e+00
0.000000000000000000e+00
0.000000000000000000e+00
0.000000000000000000e+00
0.000000000000000000e+00
0.000000000000000000e+00
0.000000000000000000e+00
0.000000000000000000e+00
0.000000000000000000e+00
0.000000000000000000e+00
0.000000000000000000e+00
0.000000000000000000e+00
0.000000000000000000e+00
0.000000000000000000e+00
0.000000000000000000e+00
0.000000000000000000e+00
0.000000000000000000e+00
0.000000000000000000e+00
0.000000000000000000e+00
0.000000000000000000e+00
0.000000000000000000e+00
0.000000000000000000e+00
0.000000000000000000e+00
0.000000000000000000e+00
0.000000000000000000e+00
0.000000000000000000e+00
0.000000000000000000e+00
0.000000000000000000e+00
0.000000000000000000e+00
0.000000000000000000e+00
0.000000000000000000e+00
0.000000000000000000e+00
0.000000000000000000e+00
0.000000000000000000e+00
0.000000000000000000e+00
0.000000000000000000e+00
0.000000000000000000e+00
0.000000000000000000e+00
0.000000000000000000e+00
0.000000000000000000e+00
0.000000000000000000e+00
0.000000000000000000e+00
0.000000000000000000e+00
0.000000000000000000e+00
0.000000000000000000e+00
0.000000000000000000e+00
0.000000000000000000e+00
0.000000000000000000e+00
0.000000000000000000e+00
0.000000000000000000e+00
0.000000000000000000e+00
0.000000000000000000e+00
0.000000000000000000e+00
0.000000000000000000e+00
0.000000000000000000e+00
0.000000000000000000e+00
0.000000000000000000e+00
0.000000000000000000e+00
0.000000000000000000e+00
0.000000000000000000e+00
0.000000000000000000e+00
0.000000000000000000e+00
0.000000000000000000e+00
0.000000000000000000e+00
0.000000000000000000e+00
0.000000000000000000e+00
0.000000000000000000e+00
0.000000000000000000e+00
0.000000000000000000e+00
0.000000000000000000e+00
0.000000000000000000e+00
0.000000000000000000e+00
0.000000000000000000e+00
0.000000000000000000e+00
0.000000000000000000e+00
0.000000000000000000e+00
0.000000000000000000e+00
0.000000000000000000e+00
0.000000000000000000e+00
0.000000000000000000e+00
0.000000000000000000e+00
0.000000000000000000e+00
0.000000000000000000e+00
0.000000000000000000e+00
0.000000000000000000e+00
0.000000000000000000e+00
0.000000000000000000e+00
0.000000000000000000e+00
0.000000000000000000e+00
0.000000000000000000e+00
0.000000000000000000e+00
0.000000000000000000e+00
0.000000000000000000e+00
0.000000000000000000e+00
0.000000000000000000e+00
0.000000000000000000e+00
0.000000000000000000e+00
0.000000000000000000e+00
0.000000000000000000e+00
0.000000000000000000e+00
0.000000000000000000e+00
0.000000000000000000e+00
0.000000000000000000e+00
0.000000000000000000e+00
0.000000000000000000e+00
0.000000000000000000e+00
0.000000000000000000e+00
0.000000000000000000e+00
0.000000000000000000e+00
0.000000000000000000e+00
0.000000000000000000e+00
0.000000000000000000e+00
0.000000000000000000e+00
0.000000000000000000e+00
0.000000000000000000e+00
0.000000000000000000e+00
0.000000000000000000e+00
0.000000000000000000e+00
0.000000000000000000e+00
0.000000000000000000e+00
0.000000000000000000e+00
0.000000000000000000e+00
0.000000000000000000e+00
0.000000000000000000e+00
0.000000000000000000e+00
0.000000000000000000e+00
0.000000000000000000e+00
0.000000000000000000e+00
0.000000000000000000e+00
0.000000000000000000e+00
0.000000000000000000e+00
0.000000000000000000e+00
0.000000000000000000e+00
0.000000000000000000e+00
0.000000000000000000e+00
0.000000000000000000e+00
0.000000000000000000e+00
0.000000000000000000e+00
0.000000000000000000e+00
0.000000000000000000e+00
0.000000000000000000e+00
0.000000000000000000e+00
0.000000000000000000e+00
0.000000000000000000e+00
0.000000000000000000e+00
0.000000000000000000e+00
0.000000000000000000e+00
0.000000000000000000e+00
0.000000000000000000e+00
0.000000000000000000e+00
0.000000000000000000e+00
0.000000000000000000e+00
0.000000000000000000e+00
0.000000000000000000e+00
0.000000000000000000e+00
0.000000000000000000e+00
0.000000000000000000e+00
0.000000000000000000e+00
0.000000000000000000e+00
0.000000000000000000e+00
0.000000000000000000e+00
0.000000000000000000e+00
0.000000000000000000e+00
0.000000000000000000e+00
0.000000000000000000e+00
0.000000000000000000e+00
0.000000000000000000e+00
0.000000000000000000e+00
0.000000000000000000e+00
0.000000000000000000e+00
0.000000000000000000e+00
0.000000000000000000e+00
0.000000000000000000e+00
0.000000000000000000e+00
0.000000000000000000e+00
0.000000000000000000e+00
0.000000000000000000e+00
0.000000000000000000e+00
0.000000000000000000e+00
0.000000000000000000e+00
0.000000000000000000e+00
0.000000000000000000e+00
0.000000000000000000e+00
0.000000000000000000e+00
0.000000000000000000e+00
0.000000000000000000e+00
0.000000000000000000e+00
0.000000000000000000e+00
0.000000000000000000e+00
0.000000000000000000e+00
0.000000000000000000e+00
0.000000000000000000e+00
0.000000000000000000e+00
0.000000000000000000e+00
0.000000000000000000e+00
0.000000000000000000e+00
0.000000000000000000e+00
0.000000000000000000e+00
0.000000000000000000e+00
0.000000000000000000e+00
0.000000000000000000e+00
0.000000000000000000e+00
0.000000000000000000e+00
0.000000000000000000e+00
0.000000000000000000e+00
0.000000000000000000e+00
0.000000000000000000e+00
0.000000000000000000e+00
0.000000000000000000e+00
0.000000000000000000e+00
0.000000000000000000e+00
0.000000000000000000e+00
0.000000000000000000e+00
0.000000000000000000e+00
0.000000000000000000e+00
0.000000000000000000e+00
0.000000000000000000e+00
0.000000000000000000e+00
0.000000000000000000e+00
0.000000000000000000e+00
0.000000000000000000e+00
0.000000000000000000e+00
0.000000000000000000e+00
0.000000000000000000e+00
0.000000000000000000e+00
0.000000000000000000e+00
0.000000000000000000e+00
0.000000000000000000e+00
0.000000000000000000e+00
0.000000000000000000e+00
0.000000000000000000e+00
0.000000000000000000e+00
0.000000000000000000e+00
0.000000000000000000e+00
0.000000000000000000e+00
0.000000000000000000e+00
0.000000000000000000e+00
0.000000000000000000e+00
0.000000000000000000e+00
0.000000000000000000e+00
0.000000000000000000e+00
0.000000000000000000e+00
0.000000000000000000e+00
0.000000000000000000e+00
0.000000000000000000e+00
0.000000000000000000e+00
0.000000000000000000e+00
0.000000000000000000e+00
0.000000000000000000e+00
0.000000000000000000e+00
0.000000000000000000e+00
0.000000000000000000e+00
0.000000000000000000e+00
0.000000000000000000e+00
0.000000000000000000e+00
0.000000000000000000e+00
0.000000000000000000e+00
0.000000000000000000e+00
0.000000000000000000e+00
0.000000000000000000e+00
0.000000000000000000e+00
0.000000000000000000e+00
0.000000000000000000e+00
0.000000000000000000e+00
0.000000000000000000e+00
0.000000000000000000e+00
0.000000000000000000e+00
0.000000000000000000e+00
0.000000000000000000e+00
0.000000000000000000e+00
0.000000000000000000e+00
0.000000000000000000e+00
0.000000000000000000e+00
0.000000000000000000e+00
0.000000000000000000e+00
0.000000000000000000e+00
0.000000000000000000e+00
0.000000000000000000e+00
0.000000000000000000e+00
0.000000000000000000e+00
0.000000000000000000e+00
0.000000000000000000e+00
0.000000000000000000e+00
0.000000000000000000e+00
0.000000000000000000e+00
0.000000000000000000e+00
0.000000000000000000e+00
0.000000000000000000e+00
0.000000000000000000e+00
0.000000000000000000e+00
0.000000000000000000e+00
0.000000000000000000e+00
0.000000000000000000e+00
0.000000000000000000e+00
0.000000000000000000e+00
0.000000000000000000e+00
0.000000000000000000e+00
0.000000000000000000e+00
0.000000000000000000e+00
0.000000000000000000e+00
0.000000000000000000e+00
0.000000000000000000e+00
0.000000000000000000e+00
0.000000000000000000e+00
0.000000000000000000e+00
0.000000000000000000e+00
0.000000000000000000e+00
0.000000000000000000e+00
0.000000000000000000e+00
0.000000000000000000e+00
0.000000000000000000e+00
0.000000000000000000e+00
0.000000000000000000e+00
0.000000000000000000e+00
