2.446897536516189575e+00
1.904921755194664001e+00
2.496898770332336426e+00
1.752594310790300369e+00
9.793749749660491943e-01
9.670359119772911072e-01
8.951945640146732330e-01
8.198735043406486511e-01
4.219881415367126465e+00
1.355715587735176086e+00
1.013813704252243042e+00
8.156344220042228699e-01
5.817431658506393433e-01
6.438498720526695251e-01
3.719641715288162231e-01
4.084796309471130371e-01
2.410345748066902161e-01
2.185046952217817307e-01
2.302206121385097504e-01
1.743657793849706650e-01
1.879590936005115509e-01
1.701961513608694077e-01
1.534665618091821671e-01
1.456385478377342224e-01
1.412887275218963623e-01
1.379907820373773575e-01
1.376197412610054016e-01
1.327523831278085709e-01
1.297308988869190216e-01
1.243242938071489334e-01
1.283101793378591537e-01
1.226154919713735580e-01
1.227747257798910141e-01
1.211181804537773132e-01
1.181622929871082306e-01
1.159789785742759705e-01
1.147946864366531372e-01
1.142307836562395096e-01
1.140331458300352097e-01
1.134801264852285385e-01
1.112745143473148346e-01
1.117374505847692490e-01
1.113734189420938492e-01
1.087371595203876495e-01
1.097056865692138672e-01
1.095159575343132019e-01
1.087803840637207031e-01
1.077035441994667053e-01
1.065151989459991455e-01
1.070352662354707718e-01
1.059828642755746841e-01
1.060916781425476074e-01
1.053589154034852982e-01
1.046158559620380402e-01
1.056962944567203522e-01
1.043401695787906647e-01
1.041921582072973251e-01
1.045588403940200806e-01
1.034765578806400299e-01
1.029123887419700623e-01
1.507247034460306168e-01
1.505520828068256378e-01
1.507303956896066666e-01
1.504229400306940079e-01
1.497631538659334183e-01
1.501253563910722733e-01
1.498085968196392059e-01
1.488897278904914856e-01
1.492597777396440506e-01
1.493047289550304413e-01
1.490886304527521133e-01
1.486167274415493011e-01
1.480710394680500031e-01
1.484821047633886337e-01
1.478440277278423309e-01
1.479749307036399841e-01
1.476631648838520050e-01
1.473239697515964508e-01
1.478752400726079941e-01
1.471678763628005981e-01
4.353323504328727722e-01
4.355503320693969727e-01
4.346843585371971130e-01
4.342398717999458313e-01
4.340083971619606018e-01
4.337381497025489807e-01
4.337207078933715820e-01
4.333660453557968140e-01
4.328331649303436279e-01
4.329251870512962341e-01
4.325128644704818726e-01
4.318304359912872314e-01
4.318686872720718384e-01
4.317642748355865479e-01
4.314719140529632568e-01
4.309997782111167908e-01
4.304896444082260132e-01
4.306367114186286926e-01
4.300109595060348511e-01
4.299415573477745056e-01
1.414449345320463181e-01
1.412173621356487274e-01
1.415888778865337372e-01
1.410998869687318802e-01
1.410092525184154510e-01
1.413400955498218536e-01
1.408065892755985260e-01
1.406269539147615433e-01
1.405973024666309357e-01
1.405196916311979294e-01
1.406368371099233627e-01
1.405041515827178955e-01
1.402476169168949127e-01
1.404443811625242233e-01
1.402442194521427155e-01
1.398973781615495682e-01
1.400319281965494156e-01
1.400805395096540451e-01
1.400016341358423233e-01
1.397771481424570084e-01
4.446325898170471191e-01
4.446881562471389771e-01
4.441459625959396362e-01
4.440280720591545105e-01
4.437128528952598572e-01
4.433532282710075378e-01
4.434316083788871765e-01
4.428686574101448059e-01
4.425987601280212402e-01
4.426865875720977783e-01
4.420625343918800354e-01
4.417387694120407104e-01
4.415271133184432983e-01
4.412691146135330200e-01
4.411708191037178040e-01
4.408726021647453308e-01
4.404760673642158508e-01
4.404456615447998047e-01
4.400778710842132568e-01
4.396135732531547546e-01
1.573921795934438705e-01
1.574254222214221954e-01
1.573478281497955322e-01
1.571526434272527695e-01
1.569515671581029892e-01
1.571491248905658722e-01
1.568450201302766800e-01
1.568948701024055481e-01
1.567888632416725159e-01
1.566408872604370117e-01
1.568459477275609970e-01
1.565308254212141037e-01
1.564495135098695755e-01
1.566824726760387421e-01
1.563048921525478363e-01
1.561909001320600510e-01
1.561680976301431656e-01
1.560999397188425064e-01
1.561667919158935547e-01
1.560685727745294571e-01
4.363432079553604126e-01
4.362833127379417419e-01
4.359349608421325684e-01
4.355232939124107361e-01
4.354034066200256348e-01
4.352440237998962402e-01
4.349927008152008057e-01
4.346405863761901855e-01
4.342882633209228516e-01
4.342700466513633728e-01
4.338221549987792969e-01
4.336755871772766113e-01
4.334029257297515869e-01
4.330886453390121460e-01
4.330722168087959290e-01
4.326155036687850952e-01
4.323538094758987427e-01
4.323753938078880310e-01
4.318555518984794617e-01
4.315704405307769775e-01
1.506435070186853409e-01
1.505806967616081238e-01
1.506375633180141449e-01
1.505505442619323730e-01
1.503924932330846786e-01
1.504976879805326462e-01
1.503492835909128189e-01
1.501512899994850159e-01
1.502023134380578995e-01
1.502222511917352676e-01
1.501597501337528229e-01
1.500109303742647171e-01
1.498643979430198669e-01
1.500076577067375183e-01
1.497746258974075317e-01
1.498039271682500839e-01
1.497271675616502762e-01
1.496115420013666153e-01
1.497514825314283371e-01
1.495121847838163376e-01
4.258407279849052429e-01
4.258387908339500427e-01
4.253561943769454956e-01
4.250847846269607544e-01
4.248826205730438232e-01
4.246393293142318726e-01
4.245016053318977356e-01
4.242395386099815369e-01
4.239142537117004395e-01
4.238201752305030823e-01
4.234997332096099854e-01
4.231399744749069214e-01
4.229962378740310669e-01
4.228267520666122437e-01
4.225861728191375732e-01
4.222662225365638733e-01
4.219498187303543091e-01
4.218937456607818604e-01
4.214963242411613464e-01
4.213364049792289734e-01
1.444970350712537766e-01
1.443908438086509705e-01
1.445154156535863876e-01
1.442960817366838455e-01
1.442275550216436386e-01
1.443936116993427277e-01
1.441183816641569138e-01
1.440384034067392349e-01
1.440214086323976517e-01
1.439649946987628937e-01
1.440045256167650223e-01
1.439324766397476196e-01
1.438019219785928726e-01
1.438821982592344284e-01
1.437542960047721863e-01
1.435959599912166595e-01
1.436276547610759735e-01
1.436377745121717453e-01
1.435842011123895645e-01
1.434596348553895950e-01
4.161749109625816345e-01
4.161058664321899414e-01
4.157302156090736389e-01
4.155677407979965210e-01
4.153232201933860779e-01
4.150433689355850220e-01
4.149694517254829407e-01
4.145877212285995483e-01
4.143406674265861511e-01
4.143108353018760681e-01
4.138748124241828918e-01
4.136186614632606506e-01
4.134210050106048584e-01
4.131851494312286377e-01
4.130378589034080505e-01
4.127898588776588440e-01
4.124860987067222595e-01
4.123767688870429993e-01
4.120752513408660889e-01
4.117459580302238464e-01
1.365198642015457153e-01
1.365292537957429886e-01
1.364795714616775513e-01
1.363641116768121719e-01
1.362535636872053146e-01
1.363592837005853653e-01
1.361778471618890762e-01
1.361951623111963272e-01
1.361386142671108246e-01
1.360457558184862137e-01
1.361440569162368774e-01
1.359591633081436157e-01
1.358965579420328140e-01
1.360373646020889282e-01
1.358008254319429398e-01
1.357328426092863083e-01
1.357179321348667145e-01
1.356665547937154770e-01
1.356968637555837631e-01
1.356353033334016800e-01
4.090790078043937683e-01
4.089616835117340088e-01
4.086676910519599915e-01
4.083511307835578918e-01
4.081922918558120728e-01
4.080160409212112427e-01
4.077867269515991211e-01
4.074957966804504395e-01
4.072115346789360046e-01
4.071259126067161560e-01
4.067737311124801636e-01
4.066061601042747498e-01
4.063704386353492737e-01
4.061005860567092896e-01
4.060091003775596619e-01
4.056527540087699890e-01
4.054095596075057983e-01
4.053606837987899780e-01
4.049541354179382324e-01
4.047072529792785645e-01
1.303679402917623520e-01
1.303192079067230225e-01
1.303478591144084930e-01
1.302900109440088272e-01
1.301827840507030487e-01
1.302444320172071457e-01
1.301376223564147949e-01
1.300104781985282898e-01
1.300315819680690765e-01
1.300367843359708786e-01
1.299911327660083771e-01
1.298891901969909668e-01
1.297923848032951355e-01
1.298820767551660538e-01
1.297222338616847992e-01
1.297342535108327866e-01
1.296844687312841415e-01
1.296012923121452332e-01
1.296833362430334091e-01
1.295198965817689896e-01
3.981779068708419800e-01
3.981236144900321960e-01
3.977349922060966492e-01
3.974965885281562805e-01
3.973046466708183289e-01
3.970790728926658630e-01
3.969261497259140015e-01
3.966936320066452026e-01
3.964136764407157898e-01
3.962921574711799622e-01
3.960128352046012878e-01
3.957142680883407593e-01
3.955545499920845032e-01
3.953802883625030518e-01
3.951590582728385925e-01
3.948838114738464355e-01
3.946135714650154114e-01
3.945209160447120667e-01
3.941899910569190979e-01
3.940232247114181519e-01
1.251256018877029419e-01
1.250453181564807892e-01
1.251238100230693817e-01
1.249670907855033875e-01
1.249106191098690033e-01
1.250294633209705353e-01
1.248268969357013702e-01
1.247693002223968506e-01
1.247561108320951462e-01
1.247101109474897385e-01
1.247332654893398285e-01
1.246809046715497971e-01
1.245833300054073334e-01
1.246357224881649017e-01
1.245385184884071350e-01
1.244241148233413696e-01
1.244399454444646835e-01
1.244421172887086868e-01
1.243995428085327148e-01
1.243071854114532471e-01
3.901136443018913269e-01
3.900166153907775879e-01
3.896963894367218018e-01
3.895299509167671204e-01
3.893094733357429504e-01
3.890573829412460327e-01
3.889539986848831177e-01
3.886296376585960388e-01
3.883994892239570618e-01
3.883363455533981323e-01
3.879674896597862244e-01
3.877362385392189026e-01
3.875480443239212036e-01
3.873278647661209106e-01
3.871741145849227905e-01
3.869488462805747986e-01
3.866793438792228699e-01
3.865539580583572388e-01
3.862849399447441101e-01
3.859986439347267151e-01
1.186839397996664047e-01
1.186862103641033173e-01
1.186462808400392532e-01
1.185577511787414551e-01
1.184740252792835236e-01
1.185512039810419083e-01
1.184118725359439850e-01
1.184215564280748367e-01
1.183792576193809509e-01
1.183055844157934189e-01
1.183748617768287659e-01
1.182326860725879669e-01
1.181797794997692108e-01
1.182878240942955017e-01
1.181028168648481369e-01
1.180503554642200470e-01
1.180384866893291473e-01
1.179954949766397476e-01
1.180156208574771881e-01
1.179684754461050034e-01
3.837518021464347839e-01
3.836235627532005310e-01
3.833591192960739136e-01
3.830794319510459900e-01
3.829177841544151306e-01
3.827439397573471069e-01
3.825300112366676331e-01
3.822696805000305176e-01
3.820141926407814026e-01
3.819121271371841431e-01
3.816029727458953857e-01
3.814365938305854797e-01
3.812207728624343872e-01
3.809740990400314331e-01
3.808659538626670837e-01
3.805528506636619568e-01
3.803264498710632324e-01
3.802565857768058777e-01
3.799018338322639465e-01
3.796752914786338806e-01
1.134773325175046921e-01
1.134357973933219910e-01
1.134560890495777130e-01
1.134111545979976654e-01
1.133238263428211212e-01
1.133700963109731674e-01
1.132839471101760864e-01
1.131824627518653870e-01
1.131963524967432022e-01
1.131976135075092316e-01
1.131596360355615616e-01
1.130782421678304672e-01
1.130006425082683563e-01
1.130707003176212311e-01
1.129422578960657120e-01
1.129500828683376312e-01
1.129111554473638535e-01
1.128421518951654434e-01
1.129048373550176620e-01
1.127735245972871780e-01
3.750590234994888306e-01
3.749872520565986633e-01
3.746429234743118286e-01
3.744218647480010986e-01
3.742394223809242249e-01
3.740263655781745911e-01
3.738730251789093018e-01
3.736577033996582031e-01
3.734012991189956665e-01
3.732730224728584290e-01
3.730179369449615479e-01
3.727478981018066406e-01
3.725888803601264954e-01
3.724180683493614197e-01
3.722093403339385986e-01
3.719583079218864441e-01
3.717107996344566345e-01
3.716078102588653564e-01
3.713106364011764526e-01
3.711469173431396484e-01
1.088416315615177155e-01
1.087740808725357056e-01
1.088365558534860611e-01
1.087075695395469666e-01
1.086587365716695786e-01
1.087574977427721024e-01
1.085893101990222931e-01
1.085419915616512299e-01
1.085320934653282166e-01
1.084924750030040741e-01
1.085105370730161667e-01
1.084688920527696609e-01
1.083865333348512650e-01
1.084289401769638062e-01
1.083480622619390488e-01
1.082532815635204315e-01
1.082650851458311081e-01
1.082653198391199112e-01
1.082291454076766968e-01
1.081529874354600906e-01
3.680993020534515381e-01
3.679944127798080444e-01
3.677037730813026428e-01
3.675411939620971680e-01
3.673347905278205872e-01
3.670996502041816711e-01
3.669889196753501892e-01
3.666945993900299072e-01
3.664767369627952576e-01
3.664024546742439270e-01
3.660696893930435181e-01
3.658531382679939270e-01
3.656740859150886536e-01
3.654656037688255310e-01
3.653133213520050049e-01
3.651036769151687622e-01
3.648532852530479431e-01
3.647253587841987610e-01
3.644773438572883606e-01
3.642141222953796387e-01
1.034662686288356781e-01
1.034672223031520844e-01
1.034328602254390717e-01
1.033590976148843765e-01
1.032884623855352402e-01
1.033535990864038467e-01
1.032361779361963272e-01
1.032440029084682465e-01
1.032097283750772476e-01
1.031460687518119812e-01
1.032043434679508209e-01
1.030832286924123764e-01
1.030371282249689102e-01
1.031305082142353058e-01
1.029720976948738098e-01
1.029282324016094208e-01
1.029192768037319183e-01
1.028816159814596176e-01
1.028984412550926208e-01
1.028601955622434616e-01
3.623051941394805908e-01
3.621759265661239624e-01
3.619308993220329285e-01
3.616722449660301208e-01
3.615142628550529480e-01
3.613457754254341125e-01
3.611426725983619690e-01
3.609020188450813293e-01
3.606642410159111023e-01
3.605577498674392700e-01
3.602745682001113892e-01
3.601130694150924683e-01
3.599104508757591248e-01
3.596792817115783691e-01
3.595675677061080933e-01
3.592801168560981750e-01
3.590656518936157227e-01
3.589892163872718811e-01
3.586646094918251038e-01
3.584526330232620239e-01
9.891457483172416687e-02
9.887807443737983704e-02
9.889553301036357880e-02
9.885896556079387665e-02
9.878261201083660126e-02
9.882261231541633606e-02
9.874906763434410095e-02
9.866116382181644440e-02
9.867306426167488098e-02
9.867404960095882416e-02
9.864094108343124390e-02
9.857168793678283691e-02
9.850476309657096863e-02
9.856604970991611481e-02
9.845524281263351440e-02
9.846266731619834900e-02
9.843019209802150726e-02
9.836986288428306580e-02
9.842466562986373901e-02
9.830994531512260437e-02
3.549502119421958923e-01
3.548724651336669922e-01
3.545550927519798279e-01
3.543467968702316284e-01
3.541722893714904785e-01
3.539695590734481812e-01
3.538194373250007629e-01
3.536171168088912964e-01
3.533762842416763306e-01
3.532482534646987915e-01
3.530102223157882690e-01
3.527579158544540405e-01
3.526028543710708618e-01
3.524373844265937805e-01
3.522388339042663574e-01
3.520045205950737000e-01
3.517722412943840027e-01
3.516670763492584229e-01
3.513915538787841797e-01
3.512332886457443237e-01
9.476268664002418518e-02
9.470316395163536072e-02
9.475885517895221710e-02
9.464561380445957184e-02
9.460237622261047363e-02
9.469133429229259491e-02
9.454283118247985840e-02
9.450227580964565277e-02
9.449523687362670898e-02
9.446030855178833008e-02
9.447665140032768250e-02
9.444221109151840210e-02
9.436929970979690552e-02
9.440699405968189240e-02
9.433711320161819458e-02
9.425350464880466461e-02
9.426477923989295959e-02
9.426500648260116577e-02
9.423362836241722107e-02
9.416775405406951904e-02
3.487738445401191711e-01
3.486675247550010681e-01
3.483969271183013916e-01
3.482394814491271973e-01
3.480444252490997314e-01
3.478212505578994751e-01
3.477100431919097900e-01
3.474352881312370300e-01
3.472282141447067261e-01
3.471504822373390198e-01
3.468405827879905701e-01
3.466358706355094910e-01
3.464648649096488953e-01
3.462657779455184937e-01
3.461175486445426941e-01
3.459199145436286926e-01
3.456834033131599426e-01
3.455567434430122375e-01
3.453239873051643372e-01
3.450763970613479614e-01
9.012811817228794098e-02
9.013004601001739502e-02
9.009923785924911499e-02
9.003501199185848236e-02
8.997254259884357452e-02
9.003171138465404510e-02
8.992789685726165771e-02
8.993630297482013702e-02
8.990702219307422638e-02
8.985013887286186218e-02
8.990335650742053986e-02
8.979564905166625977e-02
8.975437283515930176e-02
8.984003961086273193e-02
8.969824947416782379e-02
8.965985849499702454e-02
8.965375833213329315e-02
8.962038531899452209e-02
8.963604271411895752e-02
8.960404433310031891e-02
3.434577956795692444e-01
3.433301672339439392e-01
3.431002944707870483e-01
3.428561091423034668e-01
3.427036032080650330e-01
3.425407260656356812e-01
3.423469588160514832e-01
3.421203345060348511e-01
3.418953940272331238e-01
3.417894244194030762e-01
3.415240943431854248e-01
3.413684964179992676e-01
3.411764651536941528e-01
3.409566208720207214e-01
3.408460170030593872e-01
3.405762389302253723e-01
3.403718769550323486e-01
3.402939811348915100e-01
3.399899154901504517e-01
3.397883623838424683e-01
8.608685433864593506e-02
8.605431579053401947e-02
8.607099205255508423e-02
8.604041486978530884e-02
8.597158454358577728e-02
8.600822463631629944e-02
8.594352006912231445e-02
8.586441352963447571e-02
8.587635494768619537e-02
8.587799407541751862e-02
8.584865555167198181e-02
8.578751236200332642e-02
8.572763204574584961e-02
8.578454703092575073e-02
8.568543381989002228e-02
8.569362200796604156e-02
8.566601388156414032e-02
8.561122417449951172e-02
8.566254936158657074e-02
8.555929735302925110e-02
3.370381593704223633e-01
3.369594067335128784e-01
3.366611972451210022e-01
3.364624232053756714e-01
3.362957835197448730e-01
3.361017182469367981e-01
3.359560295939445496e-01
3.357647433876991272e-01
3.355353251099586487e-01
3.354097530245780945e-01
3.351848125457763672e-01
3.349455296993255615e-01
3.347961902618408203e-01
3.346364200115203857e-01
3.344459608197212219e-01
3.342243880033493042e-01
3.340038955211639404e-01
3.338994383811950684e-01
3.336399942636489868e-01
3.334876969456672668e-01
8.234550617635250092e-02
8.229127712547779083e-02
8.234365098178386688e-02
8.224084973335266113e-02
8.220200613141059875e-02
8.228544890880584717e-02
8.215016126632690430e-02
8.211437985301017761e-02
8.210986107587814331e-02
8.207830227911472321e-02
8.209446258842945099e-02
8.206559158861637115e-02
8.199913427233695984e-02
8.203439414501190186e-02
8.197262883186340332e-02
8.189625851809978485e-02
8.190792240202426910e-02
8.190975710749626160e-02
8.188107423484325409e-02
8.182256482541561127e-02
3.314768299460411072e-01
3.313719034194946289e-01
3.311163038015365601e-01
3.309646025300025940e-01
3.307783678174018860e-01
3.305652663111686707e-01
3.304560407996177673e-01
3.301958441734313965e-01
3.299973830580711365e-01
3.299196809530258179e-01
3.296267837285995483e-01
3.294316753745079041e-01
3.292674571275711060e-01
3.290768638253211975e-01
3.289332836866378784e-01
3.287456333637237549e-01
3.285203501582145691e-01
3.283959031105041504e-01
3.281756266951560974e-01
3.279399126768112183e-01
7.828085497021675110e-02
7.828344311565160751e-02
7.825554907321929932e-02
7.819792255759239197e-02
7.814145367592573166e-02
7.819734234362840652e-02
7.810315582901239395e-02
7.811232376843690872e-02
7.808719668537378311e-02
7.803488709032535553e-02
7.808585092425346375e-02
7.798700407147407532e-02
7.794951833784580231e-02
7.803086563944816589e-02
7.790038920938968658e-02
7.786596007645130157e-02
7.786250393837690353e-02
7.783233374357223511e-02
7.784814201295375824e-02
7.782101165503263474e-02
3.265772461891174316e-01
3.264527171850204468e-01
3.262345120310783386e-01
3.260012865066528320e-01
3.258545547723770142e-01
3.256974220275878906e-01
3.255115449428558350e-01
3.252961114048957825e-01
3.250815719366073608e-01
3.249775245785713196e-01
3.247259780764579773e-01
3.245764151215553284e-01
3.243929967284202576e-01
3.241823017597198486e-01
3.240745142102241516e-01
3.238181918859481812e-01
3.236222714185714722e-01
3.235450461506843567e-01
3.232568502426147461e-01
3.230643942952156067e-01
7.465807069092988968e-02
7.462851237505674362e-02
7.464537024497985840e-02
7.461930625140666962e-02
7.455568946897983551e-02
7.459062431007623672e-02
7.453276496380567551e-02
7.445939537137746811e-02
7.447237335145473480e-02
7.447474170476198196e-02
7.444836944341659546e-02
7.439307216554880142e-02
7.433861959725618362e-02
7.439313922077417374e-02
7.430223096162080765e-02
7.431152090430259705e-02
7.428765390068292618e-02
7.423699274659156799e-02
7.428659778088331223e-02
7.419117167592048645e-02
3.208469897508621216e-01
3.207692578434944153e-01
3.204855769872665405e-01
3.202954381704330444e-01
3.201353847980499268e-01
3.199490532279014587e-01
3.198081851005554199e-01
3.196255937218666077e-01
3.194063305854797363e-01
3.192835301160812378e-01
3.190698251128196716e-01
3.188406154513359070e-01
3.186967372894287109e-01
3.185422942042350769e-01
3.183599412441253662e-01
3.181483745574951172e-01
3.179375082254409790e-01
3.178358376026153564e-01
3.175885975360870361e-01
3.174422681331634521e-01
7.127442676573991776e-02
7.122408133000135422e-02
7.127517648041248322e-02
7.117953617125749588e-02
7.114422041922807693e-02
7.122453115880489349e-02
7.109864428639411926e-02
7.106622401624917984e-02
7.106400653719902039e-02
7.103558722883462906e-02
7.105194125324487686e-02
7.102704513818025589e-02
7.096566446125507355e-02
7.099954597651958466e-02
7.094393111765384674e-02
7.087290752679109573e-02
7.088560052216053009e-02
7.088839355856180191e-02
7.086274959146976471e-02
7.080949470400810242e-02
3.157894909381866455e-01
3.156870305538177490e-01
3.154434636235237122e-01
3.152972981333732605e-01
3.151189684867858887e-01
3.149141669273376465e-01
3.148082047700881958e-01
3.145594522356987000e-01
3.143685609102249146e-01
3.142923638224601746e-01
3.140131458640098572e-01
3.138256743550300598e-01
3.136683553457260132e-01
3.134849369525909424e-01
3.133462704718112946e-01
3.131672069430351257e-01
3.129506222903728485e-01
3.128298893570899963e-01
3.126200065016746521e-01
3.123935274779796600e-01
6.766938325017690659e-02
6.767255440354347229e-02
6.764782313257455826e-02
6.759495474398136139e-02
6.754280347377061844e-02
6.759720016270875931e-02
6.750982068479061127e-02
6.752011179924011230e-02
6.749801430851221085e-02
6.744927261024713516e-02
6.749912817031145096e-02
6.740654911845922470e-02
6.737252790480852127e-02
6.745113525539636612e-02
6.732913758605718613e-02
6.729797925800085068e-02
6.729634478688240051e-02
6.726887729018926620e-02
6.728522758930921555e-02
6.726180203258991241e-02
3.112608753144741058e-01
3.111399076879024506e-01
3.109318427741527557e-01
3.107076771557331085e-01
3.105663992464542389e-01
3.104147724807262421e-01
3.102362044155597687e-01
3.100298382341861725e-01
3.098237626254558563e-01
3.097232207655906677e-01
3.094827234745025635e-01
3.093388117849826813e-01
3.091629520058631897e-01
3.089602030813694000e-01
3.088561892509460449e-01
3.086098656058311462e-01
3.084219917654991150e-01
3.083473853766918182e-01
3.080711513757705688e-01
3.078862652182579041e-01
6.440694630146026611e-02
6.438011396676301956e-02
6.439742539077997208e-02
6.437481567263603210e-02
6.431541312485933304e-02
6.434943620115518570e-02
6.429655384272336960e-02
6.422773748636245728e-02
6.424149870872497559e-02
6.424534693360328674e-02
6.422115117311477661e-02
6.417031399905681610e-02
6.411955319344997406e-02
6.417287327349185944e-02
6.408827658742666245e-02
6.409861519932746887e-02
6.407766882330179214e-02
6.403014808893203735e-02
6.407912634313106537e-02
6.398901622742414474e-02
3.060894645750522614e-01
3.060141690075397491e-01
3.057420887053012848e-01
3.055592477321624756e-01
3.054051287472248077e-01
3.052259050309658051e-01
3.050898686051368713e-01
3.049153089523315430e-01
3.047036640346050262e-01
3.045849092304706573e-01
3.043803535401821136e-01
3.041595220565795898e-01
3.040209673345088959e-01
3.038725815713405609e-01
3.036960475146770477e-01
3.034934327006340027e-01
3.032904304563999176e-01
3.031919077038764954e-01
3.029551692306995392e-01
3.028141930699348450e-01
6.134068407118320465e-02
6.129326671361923218e-02
6.134366896003484726e-02
6.125311553478240967e-02
6.122064869850873947e-02
6.129905115813016891e-02
6.117998063564300537e-02
6.115038041025400162e-02
6.115000043064355850e-02
6.112386658787727356e-02
6.114072632044553757e-02
6.111949868500232697e-02
6.106139253824949265e-02
6.109468825161457062e-02
6.104374025017023087e-02
6.097655370831489563e-02
6.099031958729028702e-02
6.099444068968296051e-02
6.097039952874183655e-02
6.092128530144691467e-02
3.014541715383529663e-01
3.013549782335758209e-01
3.011211566627025604e-01
3.009803444147109985e-01
3.008089177310466766e-01
3.006110824644565582e-01
3.005087971687316895e-01
3.002689816057682037e-01
3.000852763652801514e-01
3.000116422772407532e-01
2.997431121766567230e-01
2.995623610913753510e-01
2.994111441075801849e-01
2.992343455553054810e-01
2.991005256772041321e-01
2.989288531243801117e-01
2.987200319766998291e-01
2.986029051244258881e-01
2.984011620283126831e-01
2.981832996010780334e-01
5.811500549316406250e-02
5.811935290694236755e-02
5.809617228806018829e-02
5.804750323295593262e-02
5.799839273095130920e-02
5.805163923650979996e-02
5.796980950981378555e-02
5.798129737377166748e-02
5.796157103031873703e-02
5.791559908539056778e-02
5.796476267278194427e-02
5.787710472941398621e-02
5.784536153078079224e-02
5.792235583066940308e-02
5.780666880309581757e-02
5.777802132070064545e-02
5.777795054018497467e-02
5.775266699492931366e-02
5.776936188340187073e-02
5.774936173111200333e-02
0.000000000000000000e+00
0.000000000000000000e+00
0.000000000000000000e+00
0.000000000000000000e+00
0.000000000000000000e+00
0.000000000000000000e+00
0.000000000000000000e+00
0.000000000000000000e+00
0.000000000000000000e+00
0.000000000000000000e+00
0.000000000000000000e+00
0.000000000000000000e+00
0.000000000000000000e+00
0.000000000000000000e+00
0.000000000000000000e+00
0.000000000000000000e+00
0.000000000000000000e+00
0.000000000000000000e+00
0.000000000000000000e+00
0.000000000000000000e+00
0.000000000000000000e+00
0.000000000000000000e+00
0.000000000000000000e+00
0.000000000000000000e+00
0.000000000000000000e+00
0.000000000000000000e+00
0.000000000000000000e+00
0.000000000000000000e+00
0.000000000000000000e+00
0.000000000000000000e+00
0.000000000000000000e+00
0.000000000000000000e+00
0.000000000000000000e+00
0.000000000000000000e+00
0.000000000000000000e+00
0.000000000000000000e+00
0.000000000000000000e+00
0.000000000000000000e+00
0.000000000000000000e+00
0.000000000000000000e+00
0.000000000000000000e+00
0.000000000000000000e+00
0.000000000000000000e+00
0.000000000000000000e+00
0.000000000000000000e+00
0.000000000000000000e+00
0.000000000000000000e+00
0.000000000000000000e+00
0.000000000000000000e+00
0.000000000000000000e+00
0.000000000000000000e+00
0.000000000000000000e+00
0.000000000000000000e+00
0.000000000000000000e+00
0.000000000000000000e+00
0.000000000000000000e+00
0.000000000000000000e+00
0.000000000000000000e+00
0.000000000000000000e+00
0.000000000000000000e+00
0.000000000000000000e+00
0.000000000000000000e+00
0.000000000000000000e+00
0.000000000000000000e+00
0.000000000000000000e+00
0.000000000000000000e+00
0.000000000000000000e+00
0.000000000000000000e+00
0.000000000000000000e+00
0.000000000000000000e+00
0.000000000000000000e+00
0.000000000000000000e+00
0.000000000000000000e+00
0.000000000000000000e+00
0.000000000000000000e+00
0.000000000000000000e+00
0.000000000000000000e+00
0.000000000000000000e+00
0.000000000000000000e+00
0.000000000000000000e+00
0.000000000000000000e+00
0.000000000000000000e+00
0.000000000000000000e+00
0.000000000000000000e+00
0.000000000000000000e+00
0.000000000000000000e+00
0.000000000000000000e+00
0.000000000000000000e+00
0.000000000000000000e+00
0.000000000000000000e+00
0.000000000000000000e+00
0.000000000000000000e+00
0.000000000000000000e+00
0.000000000000000000e+00
0.000000000000000000e+00
0.000000000000000000e+00
0.000000000000000000e+00
0.000000000000000000e+00
0.000000000000000000e+00
0.000000000000000000e+00
0.000000000000000000e+00
0.000000000000000000e+00
0.000000000000000000e+00
0.000000000000000000e+00
0.000000000000000000e+00
0.000000000000000000e+00
0.000000000000000000e+00
0.000000000000000000e+00
0.000000000000000000e+00
0.000000000000000000e+00
0.000000000000000000e+00
0.000000000000000000e+00
0.000000000000000000e+00
0.000000000000000000e+00
0.000000000000000000e+00
0.000000000000000000e+00
0.000000000000000000e+00
0.000000000000000000e+00
0.000000000000000000e+00
0.000000000000000000e+00
0.000000000000000000e+00
0.000000000000000000e+00
0.000000000000000000e+00
0.000000000000000000e+00
0.000000000000000000e+00
0.000000000000000000e+00
0.000000000000000000e+00
0.000000000000000000e+00
0.000000000000000000e+00
0.000000000000000000e+00
0.000000000000000000e+00
0.000000000000000000e+00
0.000000000000000000e+00
0.000000000000000000e+00
0.000000000000000000e+00
0.000000000000000000e+00
0.000000000000000000e+00
0.000000000000000000e+00
0.000000000000000000e+00
0.000000000000000000e+00
0.000000000000000000e+00
0.000000000000000000e+00
0.000000000000000000e+00
0.000000000000000000e+00
0.000000000000000000e+00
0.000000000000000000e+00
0.000000000000000000e+00
0.000000000000000000e+00
0.000000000000000000e+00
0.000000000000000000e+00
0.000000000000000000e+00
0.000000000000000000e+00
0.000000000000000000e+00
0.000000000000000000e+00
0.000000000000000000e+00
0.000000000000000000e+00
0.000000000000000000e+00
0.000000000000000000e+00
0.000000000000000000e+00
0.000000000000000000e+00
0.000000000000000000e+00
0.000000000000000000e+00
0.000000000000000000e+00
0.000000000000000000e+00
0.000000000000000000e+00
0.000000000000000000e+00
0.000000000000000000e+00
0.000000000000000000e+00
0.000000000000000000e+00
0.000000000000000000e+00
0.000000000000000000e+00
0.000000000000000000e+00
0.000000000000000000e+00
0.000000000000000000e+00
0.000000000000000000e+00
0.000000000000000000e+00
0.000000000000000000e+00
0.000000000000000000e+00
0.000000000000000000e+00
0.000000000000000000e+00
0.000000000000000000e+00
0.000000000000000000e+00
0.000000000000000000e+00
0.000000000000000000e+00
0.000000000000000000e+00
0.000000000000000000e+00
0.000000000000000000e+00
0.000000000000000000e+00
0.000000000000000000e+00
0.000000000000000000e+00
0.000000000000000000e+00
0.000000000000000000e+00
0.000000000000000000e+00
0.000000000000000000e+00
0.000000000000000000e+00
0.000000000000000000e+00
0.000000000000000000e+00
0.000000000000000000e+00
0.000000000000000000e+00
0.000000000000000000e+00
0.000000000000000000e+00
0.000000000000000000e+00
0.000000000000000000e+00
0.000000000000000000e+00
0.000000000000000000e+00
0.000000000000000000e+00
0.000000000000000000e+00
0.000000000000000000e+00
0.000000000000000000e+00
0.000000000000000000e+00
0.000000000000000000e+00
0.000000000000000000e+00
0.000000000000000000e+00
0.000000000000000000e+00
0.000000000000000000e+00
0.000000000000000000e+00
0.000000000000000000e+00
0.000000000000000000e+00
0.000000000000000000e+00
0.000000000000000000e+00
0.000000000000000000e+00
0.000000000000000000e+00
0.000000000000000000e+00
0.000000000000000000e+00
0.000000000000000000e+00
0.000000000000000000e+00
0.000000000000000000e+00
0.000000000000000000e+00
0.000000000000000000e+00
0.000000000000000000e+00
0.000000000000000000e+00
0.000000000000000000e+00
0.000000000000000000e+00
0.000000000000000000e+00
0.000000000000000000e+00
0.000000000000000000e+00
0.000000000000000000e+00
0.000000000000000000e+00
0.000000000000000000e+00
0.000000000000000000e+00
0.000000000000000000e+00
0.000000000000000000e+00
0.000000000000000000e+00
0.000000000000000000e+00
0.000000000000000000e+00
0.000000000000000000e+00
0.000000000000000000e+00
0.000000000000000000e+00
0.000000000000000000e+00
0.000000000000000000e+00
0.000000000000000000e+00
0.000000000000000000e+00
0.000000000000000000e+00
0.000000000000000000e+00
0.000000000000000000e+00
0.000000000000000000e+00
0.000000000000000000e+00
0.000000000000000000e+00
0.000000000000000000e+00
0.000000000000000000e+00
0.000000000000000000e+00
0.000000000000000000e+00
0.000000000000000000e+00
0.000000000000000000e+00
0.000000000000000000e+00
0.000000000000000000e+00
0.000000000000000000e+00
0.000000000000000000e+00
0.000000000000000000e+00
0.000000000000000000e+00
0.000000000000000000e+00
0.000000000000000000e+00
0.000000000000000000e+00
0.000000000000000000e+00
0.000000000000000000e+00
0.000000000000000000e+00
0.000000000000000000e+00
0.000000000000000000e+00
0.000000000000000000e+00
0.000000000000000000e+00
0.000000000000000000e+00
0.000000000000000000e+00
0.000000000000000000e+00
0.000000000000000000e+00
0.000000000000000000e+00
0.000000000000000000e+00
0.000000000000000000e+00
0.000000000000000000e+00
0.000000000000000000e+00
0.000000000000000000e+00
0.000000000000000000e+00
0.000000000000000000e+00
0.000000000000000000e+00
0.000000000000000000e+00
0.000000000000000000e+00
0.000000000000000000e+00
0.000000000000000000e+00
0.000000000000000000e+00
0.000000000000000000e+00
0.000000000000000000e+00
0.000000000000000000e+00
0.000000000000000000e+00
0.000000000000000000e+00
0.000000000000000000e+00
0.000000000000000000e+00
0.000000000000000000e+00
0.000000000000000000e+00
0.000000000000000000e+00
0.000000000000000000e+00
0.000000000000000000e+00
0.000000000000000000e+00
0.000000000000000000e+00
0.000000000000000000e+00
0.000000000000000000e+00
0.000000000000000000e+00
0.000000000000000000e+00
0.000000000000000000e+00
0.000000000000000000e+00
0.000000000000000000e+00
0.000000000000000000e+00
0.000000000000000000e+00
0.000000000000000000e+00
0.000000000000000000e+00
0.000000000000000000e+00
0.000000000000000000e+00
0.000000000000000000e+00
0.000000000000000000e+00
0.000000000000000000e+00
0.000000000000000000e+00
0.000000000000000000e+00
0.000000000000000000e+00
0.000000000000000000e+00
0.000000000000000000e+00
0.000000000000000000e+00
0.000000000000000000e+00
0.000000000000000000e+00
0.000000000000000000e+00
0.000000000000000000e+00
0.000000000000000000e+00
0.000000000000000000e+00
0.000000000000000000e+00
0.000000000000000000e+00
0.000000000000000000e+00
0.000000000000000000e+00
0.000000000000000000e+00
0.000000000000000000e+00
0.000000000000000000e+00
0.000000000000000000e+00
0.000000000000000000e+00
0.000000000000000000e+00
0.000000000000000000e+00
0.000000000000000000e+00
0.000000000000000000e+00
0.000000000000000000e+00
0.000000000000000000e+00
0.000000000000000000e+00
0.000000000000000000e+00
0.000000000000000000e+00
0.000000000000000000e+00
0.000000000000000000e+00
0.000000000000000000e+00
0.000000000000000000e+00
0.000000000000000000e+00
0.000000000000000000e+00
0.000000000000000000e+00
0.000000000000000000e+00
0.000000000000000000e+00
0.000000000000000000e+00
0.000000000000000000e+00
0.000000000000000000e+00
0.000000000000000000e+00
0.000000000000000000e+00
0.000000000000000000e+00
0.000000000000000000e+00
0.000000000000000000e+00
0.000000000000000000e+00
0.000000000000000000e+00
0.000000000000000000e+00
0.000000000000000000e+00
0.000000000000000000e+00
0.000000000000000000e+00
0.000000000000000000e+00
0.000000000000000000e+00
0.000000000000000000e+00
0.000000000000000000e+00
0.000000000000000000e+00
0.000000000000000000e+00
0.000000000000000000e+00
0.000000000000000000e+00
0.000000000000000000e+00
0.000000000000000000e+00
0.000000000000000000e+00
0.000000000000000000e+00
0.000000000000000000e+00
0.000000000000000000e+00
0.000000000000000000e+00
0.000000000000000000e+00
0.000000000000000000e+00
0.000000000000000000e+00
0.000000000000000000e+00
0.000000000000000000e+00
0.000000000000000000e+00
0.000000000000000000e+00
0.000000000000000000e+00
0.000000000000000000e+00
0.000000000000000000e+00
0.000000000000000000e+00
0.000000000000000000e+00
0.000000000000000000e+00
0.000000000000000000e+00
0.000000000000000000e+00
0.000000000000000000e+00
0.000000000000000000e+00
0.000000000000000000e+00
0.000000000000000000e+00
0.000000000000000000e+00
0.000000000000000000e+00
0.000000000000000000e+00
0.000000000000000000e+00
0.000000000000000000e+00
0.000000000000000000e+00
0.000000000000000000e+00
0.000000000000000000e+00
0.000000000000000000e+00
0.000000000000000000e+00
0.000000000000000000e+00
0.000000000000000000e+00
0.000000000000000000e+00
0.000000000000000000e+00
0.000000000000000000e+00
0.000000000000000000e+00
0.000000000000000000e+00
0.000000000000000000e+00
0.000000000000000000e+00
0.000000000000000000e+00
0.000000000000000000e+00
0.000000000000000000e+00
0.000000000000000000e+00
0.000000000000000000e+00
0.000000000000000000e+00
0.000000000000000000e+00
0.000000000000000000e+00
0.000000000000000000e+00
0.000000000000000000e+00
0.000000000000000000e+00
0.000000000000000000e+00
0.000000000000000000e+00
0.000000000000000000e+00
0.000000000000000000e+00
0.000000000000000000e+00
0.000000000000000000e+00
0.000000000000000000e+00
0.000000000000000000e+00
0.000000000000000000e+00
0.000000000000000000e+00
0.000000000000000000e+00
0.000000000000000000e+00
0.000000000000000000e+00
0.000000000000000000e+00
0.000000000000000000e+00
0.000000000000000000e+00
0.000000000000000000e+00
0.000000000000000000e+00
0.000000000000000000e+00
0.000000000000000000e+00
0.000000000000000000e+00
0.000000000000000000e+00
0.000000000000000000e+00
0.000000000000000000e+00
0.000000000000000000e+00
0.000000000000000000e+00
0.000000000000000000e+00
0.000000000000000000e+00
0.000000000000000000e+00
0.000000000000000000e+00
0.000000000000000000e+00
0.000000000000000000e+00
0.000000000000000000e+00
0.000000000000000000e+00
0.000000000000000000e+00
0.000000000000000000e+00
0.000000000000000000e+00
0.000000000000000000e+00
0.000000000000000000e+00
0.000000000000000000e+00
0.000000000000000000e+00
0.000000000000000000e+00
0.000000000000000000e+00
0.000000000000000000e+00
0.000000000000000000e+00
0.000000000000000000e+00
0.000000000000000000e+00
0.000000000000000000e+00
0.000000000000000000e+00
0.000000000000000000e+00
0.000000000000000000e+00
0.000000000000000000e+00
0.000000000000000000e+00
0.000000000000000000e+00
0.000000000000000000e+00
0.000000000000000000e+00
0.000000000000000000e+00
0.000000000000000000e+00
0.000000000000000000e+00
0.000000000000000000e+00
0.000000000000000000e+00
0.000000000000000000e+00
0.000000000000000000e+00
0.000000000000000000e+00
0.000000000000000000e+00
0.000000000000000000e+00
0.000000000000000000e+00
0.000000000000000000e+00
0.000000000000000000e+00
0.000000000000000000e+00
0.000000000000000000e+00
0.000000000000000000e+00
0.000000000000000000e+00
0.000000000000000000e+00
0.000000000000000000e+00
0.000000000000000000e+00
0.000000000000000000e+00
0.000000000000000000e+00
0.000000000000000000e+00
0.000000000000000000e+00
0.000000000000000000e+00
0.000000000000000000e+00
0.000000000000000000e+00
0.000000000000000000e+00
0.000000000000000000e+00
0.000000000000000000e+00
0.000000000000000000e+00
0.000000000000000000e+00
0.000000000000000000e+00
0.000000000000000000e+00
0.000000000000000000e+00
0.000000000000000000e+00
0.000000000000000000e+00
0.000000000000000000e+00
0.000000000000000000e+00
0.000000000000000000e+00
0.000000000000000000e+00
0.000000000000000000e+00
0.000000000000000000e+00
0.000000000000000000e+00
0.000000000000000000e+00
0.000000000000000000e+00
0.000000000000000000e+00
0.000000000000000000e+00
0.000000000000000000e+00
0.000000000000000000e+00
0.000000000000000000e+00
0.000000000000000000e+00
0.000000000000000000e+00
0.000000000000000000e+00
0.000000000000000000e+00
0.000000000000000000e+00
0.000000000000000000e+00
0.000000000000000000e+00
0.000000000000000000e+00
0.000000000000000000e+00
0.000000000000000000e+00
0.000000000000000000e+00
0.000000000000000000e+00
0.000000000000000000e+00
0.000000000000000000e+00
0.000000000000000000e+00
0.000000000000000000e+00
0.000000000000000000e+00
0.000000000000000000e+00
0.000000000000000000e+00
0.000000000000000000e+00
0.000000000000000000e+00
0.000000000000000000e+00
0.000000000000000000e+00
0.000000000000000000e+00
0.000000000000000000e+00
0.000000000000000000e+00
0.000000000000000000e+00
0.000000000000000000e+00
0.000000000000000000e+00
0.000000000000000000e+00
0.000000000000000000e+00
0.000000000000000000e+00
0.000000000000000000e+00
0.000000000000000000e+00
0.000000000000000000e+00
0.000000000000000000e+00
0.000000000000000000e+00
0.000000000000000000e+00
0.000000000000000000e+00
0.000000000000000000e+00
0.000000000000000000e+00
0.000000000000000000e+00
0.000000000000000000e+00
0.000000000000000000e+00
0.000000000000000000e+00
0.000000000000000000e+00
0.000000000000000000e+00
0.000000000000000000e+00
0.000000000000000000e+00
0.000000000000000000e+00
0.000000000000000000e+00
0.000000000000000000e+00
0.000000000000000000e+00
0.000000000000000000e+00
0.000000000000000000e+00
0.000000000000000000e+00
0.000000000000000000e+00
0.000000000000000000e+00
0.000000000000000000e+00
0.000000000000000000e+00
0.000000000000000000e+00
0.000000000000000000e+00
0.000000000000000000e+00
0.000000000000000000e+00
0.000000000000000000e+00
0.000000000000000000e+00
0.000000000000000000e+00
0.000000000000000000e+00
0.000000000000000000e+00
0.000000000000000000e+00
0.000000000000000000e+00
0.000000000000000000e+00
0.000000000000000000e+00
0.000000000000000000e+00
0.000000000000000000e+00
0.000000000000000000e+00
0.000000000000000000e+00
0.000000000000000000e+00
0.000000000000000000e+00
0.000000000000000000e+00
0.000000000000000000e+00
0.000000000000000000e+00
0.000000000000000000e+00
0.000000000000000000e+00
0.000000000000000000e+00
0.000000000000000000e+00
0.000000000000000000e+00
0.000000000000000000e+00
0.000000000000000000e+00
0.000000000000000000e+00
0.000000000000000000e+00
0.000000000000000000e+00
0.000000000000000000e+00
0.000000000000000000e+00
0.000000000000000000e+00
0.000000000000000000e+00
0.000000000000000000e+00
0.000000000000000000e+00
0.000000000000000000e+00
0.000000000000000000e+00
0.000000000000000000e+00
0.000000000000000000e+00
0.000000000000000000e+00
0.000000000000000000e+00
0.000000000000000000e+00
0.000000000000000000e+00
0.000000000000000000e+00
0.000000000000000000e+00
0.000000000000000000e+00
0.000000000000000000e+00
0.000000000000000000e+00
0.000000000000000000e+00
0.000000000000000000e+00
0.000000000000000000e+00
0.000000000000000000e+00
0.000000000000000000e+00
0.000000000000000000e+00
0.000000000000000000e+00
0.000000000000000000e+00
0.000000000000000000e+00
0.000000000000000000e+00
0.000000000000000000e+00
0.000000000000000000e+00
0.000000000000000000e+00
0.000000000000000000e+00
0.000000000000000000e+00
0.000000000000000000e+00
0.000000000000000000e+00
0.000000000000000000e+00
0.000000000000000000e+00
0.000000000000000000e+00
0.000000000000000000e+00
0.000000000000000000e+00
0.000000000000000000e+00
0.000000000000000000e+00
0.000000000000000000e+00
0.000000000000000000e+00
0.000000000000000000e+00
0.000000000000000000e+00
0.000000000000000000e+00
0.000000000000000000e+00
0.000000000000000000e+00
0.000000000000000000e+00
0.000000000000000000e+00
0.000000000000000000e+00
0.000000000000000000e+00
0.000000000000000000e+00
0.000000000000000000e+00
0.000000000000000000e+00
0.000000000000000000e+00
0.000000000000000000e+00
0.000000000000000000e+00
0.000000000000000000e+00
0.000000000000000000e+00
0.000000000000000000e+00
0.000000000000000000e+00
0.000000000000000000e+00
0.000000000000000000e+00
0.000000000000000000e+00
0.000000000000000000e+00
0.000000000000000000e+00
0.000000000000000000e+00
0.000000000000000000e+00
0.000000000000000000e+00
0.000000000000000000e+00
0.000000000000000000e+00
0.000000000000000000e+00
0.000000000000000000e+00
0.000000000000000000e+00
0.000000000000000000e+00
0.000000000000000000e+00
0.000000000000000000e+00
0.000000000000000000e+00
0.000000000000000000e+00
0.000000000000000000e+00
0.000000000000000000e+00
0.000000000000000000e+00
0.000000000000000000e+00
0.000000000000000000e+00
0.000000000000000000e+00
0.000000000000000000e+00
0.000000000000000000e+00
0.000000000000000000e+00
0.000000000000000000e+00
0.000000000000000000e+00
0.000000000000000000e+00
0.000000000000000000e+00
0.000000000000000000e+00
0.000000000000000000e+00
0.000000000000000000e+00
0.000000000000000000e+00
0.000000000000000000e+00
0.000000000000000000e+00
0.000000000000000000e+00
0.000000000000000000e+00
0.000000000000000000e+00
0.000000000000000000e+00
0.000000000000000000e+00
0.000000000000000000e+00
0.000000000000000000e+00
0.000000000000000000e+00
0.000000000000000000e+00
0.000000000000000000e+00
0.000000000000000000e+00
0.000000000000000000e+00
0.000000000000000000e+00
0.000000000000000000e+00
0.000000000000000000e+00
0.000000000000000000e+00
0.000000000000000000e+00
0.000000000000000000e+00
0.000000000000000000e+00
0.000000000000000000e+00
0.000000000000000000e+00
0.000000000000000000e+00
0.000000000000000000e+00
0.000000000000000000e+00
0.000000000000000000e+00
0.000000000000000000e+00
0.000000000000000000e+00
0.000000000000000000e+00
0.000000000000000000e+00
0.000000000000000000e+00
0.000000000000000000e+00
0.000000000000000000e+00
0.000000000000000000e+00
0.000000000000000000e+00
0.000000000000000000e+00
0.000000000000000000e+00
0.000000000000000000e+00
0.000000000000000000e+00
0.000000000000000000e+00
0.000000000000000000e+00
0.000000000000000000e+00
0.000000000000000000e+00
0.000000000000000000e+00
0.000000000000000000e+00
0.000000000000000000e+00
0.000000000000000000e+00
0.000000000000000000e+00
0.000000000000000000e+00
0.000000000000000000e+00
0.000000000000000000e+00
0.000000000000000000e+00
0.000000000000000000e+00
0.000000000000000000e+00
0.000000000000000000e+00
0.000000000000000000e+00
0.000000000000000000e+00
0.000000000000000000e+00
0.000000000000000000e+00
0.000000000000000000e+00
0.000000000000000000e+00
0.000000000000000000e+00
0.000000000000000000e+00
0.000000000000000000e+00
0.000000000000000000e+00
0.000000000000000000e+00
0.000000000000000000e+00
0.000000000000000000e+00
0.000000000000000000e+00
0.000000000000000000e+00
0.000000000000000000e+00
0.000000000000000000e+00
0.000000000000000000e+00
0.000000000000000000e+00
0.000000000000000000e+00
0.000000000000000000e+00
0.000000000000000000e+00
0.000000000000000000e+00
0.000000000000000000e+00
0.000000000000000000e+00
0.000000000000000000e+00
0.000000000000000000e+00
0.000000000000000000e+00
0.000000000000000000e+00
0.000000000000000000e+00
0.000000000000000000e+00
0.000000000000000000e+00
0.000000000000000000e+00
0.000000000000000000e+00
0.000000000000000000e+00
0.000000000000000000e+00
0.000000000000000000e+00
0.000000000000000000e+00
0.000000000000000000e+00
0.000000000000000000e+00
0.000000000000000000e+00
0.000000000000000000e+00
0.000000000000000000e+00
0.000000000000000000e+00
0.000000000000000000e+00
0.000000000000000000e+00
0.000000000000000000e+00
0.000000000000000000e+00
0.000000000000000000e+00
0.000000000000000000e+00
0.000000000000000000e+00
0.000000000000000000e+00
0.000000000000000000e+00
0.000000000000000000e+00
0.000000000000000000e+00
0.000000000000000000e+00
0.000000000000000000e+00
0.000000000000000000e+00
0.000000000000000000e+00
0.000000000000000000e+00
0.000000000000000000e+00
0.000000000000000000e+00
0.000000000000000000e+00
0.000000000000000000e+00
0.000000000000000000e+00
0.000000000000000000e+00
0.000000000000000000e+00
0.000000000000000000e+00
0.000000000000000000e+00
0.000000000000000000e+00
0.000000000000000000e+00
0.000000000000000000e+00
0.000000000000000000e+00
0.000000000000000000e+00
0.000000000000000000e+00
0.000000000000000000e+00
0.000000000000000000e+00
0.000000000000000000e+00
0.000000000000000000e+00
0.000000000000000000e+00
0.000000000000000000e+00
0.000000000000000000e+00
0.000000000000000000e+00
0.000000000000000000e+00
0.000000000000000000e+00
0.000000000000000000e+00
0.000000000000000000e+00
0.000000000000000000e+00
0.000000000000000000e+00
0.000000000000000000e+00
0.000000000000000000e+00
0.000000000000000000e+00
0.000000000000000000e+00
0.000000000000000000e+00
0.000000000000000000e+00
0.000000000000000000e+00
0.000000000000000000e+00
0.000000000000000000e+00
0.000000000000000000e+00
0.000000000000000000e+00
0.000000000000000000e+00
0.000000000000000000e+00
0.000000000000000000e+00
0.000000000000000000e+00
0.000000000000000000e+00
0.000000000000000000e+00
0.000000000000000000e+00
0.000000000000000000e+00
0.000000000000000000e+00
0.000000000000000000e+00
0.000000000000000000e+00
0.000000000000000000e+00
0.000000000000000000e+00
0.000000000000000000e+00
0.000000000000000000e+00
0.000000000000000000e+00
0.000000000000000000e+00
0.000000000000000000e+00
0.000000000000000000e+00
0.000000000000000000e+00
0.000000000000000000e+00
0.000000000000000000e+00
0.000000000000000000e+00
0.000000000000000000e+00
0.000000000000000000e+00
0.000000000000000000e+00
0.000000000000000000e+00
0.000000000000000000e+00
0.000000000000000000e+00
0.000000000000000000e+00
0.000000000000000000e+00
0.000000000000000000e+00
0.000000000000000000e+00
0.000000000000000000e+00
0.000000000000000000e+00
0.000000000000000000e+00
0.000000000000000000e+00
0.000000000000000000e+00
0.000000000000000000e+00
0.000000000000000000e+00
0.000000000000000000e+00
0.000000000000000000e+00
0.000000000000000000e+00
0.000000000000000000e+00
0.000000000000000000e+00
0.000000000000000000e+00
0.000000000000000000e+00
0.000000000000000000e+00
0.000000000000000000e+00
0.000000000000000000e+00
0.000000000000000000e+00
0.000000000000000000e+00
0.000000000000000000e+00
0.000000000000000000e+00
0.000000000000000000e+00
0.000000000000000000e+00
0.000000000000000000e+00
0.000000000000000000e+00
0.000000000000000000e+00
0.000000000000000000e+00
0.000000000000000000e+00
0.000000000000000000e+00
0.000000000000000000e+00
0.000000000000000000e+00
0.000000000000000000e+00
0.000000000000000000e+00
0.000000000000000000e+00
0.000000000000000000e+00
0.000000000000000000e+00
0.000000000000000000e+00
0.000000000000000000e+00
0.000000000000000000e+00
0.000000000000000000e+00
0.000000000000000000e+00
0.000000000000000000e+00
0.000000000000000000e+00
0.000000000000000000e+00
0.000000000000000000e+00
0.000000000000000000e+00
0.000000000000000000e+00
0.000000000000000000e+00
0.000000000000000000e+00
0.000000000000000000e+00
0.000000000000000000e+00
0.000000000000000000e+00
0.000000000000000000e+00
0.000000000000000000e+00
0.000000000000000000e+00
0.000000000000000000e+00
0.000000000000000000e+00
0.000000000000000000e+00
0.000000000000000000e+00
0.000000000000000000e+00
0.000000000000000000e+00
0.000000000000000000e+00
0.000000000000000000e+00
0.000000000000000000e+00
0.000000000000000000e+00
0.000000000000000000e+00
0.000000000000000000e+00
0.000000000000000000e+00
