4.152346253395080566e+00
2.939686208963394165e+00
2.824761509895324707e+00
2.860774695873260498e+00
2.180895090103149414e+00
2.987975716590881348e+00
2.457359105348587036e+00
1.782991945743560791e+00
1.967291429638862610e+00
1.709964655339717865e+00
1.408272728323936462e+00
9.787721373140811920e-01
1.578761830925941467e+00
1.222235180437564850e+00
8.863060474395751953e-01
7.041316553950309753e-01
1.811201974749565125e+00
4.168850816786289215e-01
4.046892374753952026e-01
2.992234081029891968e-01
3.454852588474750519e-01
3.192147798836231232e-01
2.284496016800403595e-01
2.212149314582347870e-01
2.093797978013753891e-01
1.964273247867822647e-01
2.061918508261442184e-01
1.735389195382595062e-01
1.822887565940618515e-01
1.630539540201425552e-01
1.674127280712127686e-01
1.575438044965267181e-01
1.512080263346433640e-01
1.465887259691953659e-01
1.458013206720352173e-01
1.441027671098709106e-01
1.422026045620441437e-01
1.400826890021562576e-01
1.344357077032327652e-01
1.359267849475145340e-01
1.335856765508651733e-01
1.310363337397575378e-01
1.293948031961917877e-01
1.273889634758234024e-01
1.301103774458169937e-01
1.248545683920383453e-01
1.237798351794481277e-01
1.241032145917415619e-01
1.213309019804000854e-01
1.213828399777412415e-01
1.199981514364480972e-01
1.186829898506402969e-01
1.201898790895938873e-01
1.173954494297504425e-01
1.182374786585569382e-01
1.173222083598375320e-01
1.159861087799072266e-01
1.149456817656755447e-01
1.144334636628627777e-01
1.144962515681982040e-01
1.270558461546897888e-01
1.253645252436399460e-01
1.243992466479539871e-01
1.251863986253738403e-01
1.240972019731998444e-01
1.236084029078483582e-01
1.234576050192117691e-01
1.228087991476058960e-01
1.236410308629274368e-01
1.218548733741044998e-01
1.218268908560276031e-01
1.222113389521837234e-01
1.208056863397359848e-01
1.210044100880622864e-01
1.204221900552511215e-01
1.200897488743066788e-01
1.207185816019773483e-01
1.197252590209245682e-01
1.200257800519466400e-01
1.198393050581216812e-01
1.928465515375137329e-01
1.924430727958679199e-01
1.922274008393287659e-01
1.922550871968269348e-01
1.924819573760032654e-01
1.914217323064804077e-01
1.911181323230266571e-01
1.915758401155471802e-01
1.908629760146141052e-01
1.907300166785717010e-01
1.907150074839591980e-01
1.903165802359580994e-01
1.907173991203308105e-01
1.897476613521575928e-01
1.898082345724105835e-01
1.900644190609455109e-01
1.891488693654537201e-01
1.892692372202873230e-01
1.889429427683353424e-01
1.887637898325920105e-01
1.153804380446672440e-01
1.148452162742614746e-01
1.150286383926868439e-01
1.149762272834777832e-01
1.144581548869609833e-01
1.142870094627141953e-01
1.142010092735290527e-01
1.142253391444683075e-01
1.144022680819034576e-01
1.136929020285606384e-01
1.135890800505876541e-01
1.139250621199607849e-01
1.134270373731851578e-01
1.134258490055799484e-01
1.134628579020500183e-01
1.132027022540569305e-01
1.134690903127193451e-01
1.128585860133171082e-01
1.129551026970148087e-01
1.131677851080894470e-01
1.559980772435665131e-01
1.560873314738273621e-01
1.558890901505947113e-01
1.557831428945064545e-01
1.560199316591024399e-01
1.556583326309919357e-01
1.557744015008211136e-01
1.557439472526311874e-01
1.553301885724067688e-01
1.552277524024248123e-01
1.551712471991777420e-01
1.551645789295434952e-01
1.552770789712667465e-01
1.547397915273904800e-01
1.546797305345535278e-01
1.549158245325088501e-01
1.545118801295757294e-01
1.545323077589273453e-01
1.545567028224468231e-01
1.543417926877737045e-01
9.147028438746929169e-02
9.103071689605712891e-02
9.112272597849369049e-02
9.129564277827739716e-02
9.080266393721103668e-02
9.088427200913429260e-02
9.076231531798839569e-02
9.070231392979621887e-02
9.089198522269725800e-02
9.064135514199733734e-02
9.074932895600795746e-02
9.075050987303256989e-02
9.043398685753345490e-02
9.038373827934265137e-02
9.036645852029323578e-02
9.036839380860328674e-02
9.046847373247146606e-02
9.006303735077381134e-02
9.004820324480533600e-02
9.025030396878719330e-02
1.529112216085195541e-01
1.529412660747766495e-01
1.529623083770275116e-01
1.527847684919834137e-01
1.529078371822834015e-01
1.525498256087303162e-01
1.526141148060560226e-01
1.527361534535884857e-01
1.523169279098510742e-01
1.523613482713699341e-01
1.522541027516126633e-01
1.521886624395847321e-01
1.523202061653137207e-01
1.521006599068641663e-01
1.521743144840002060e-01
1.521617826074361801e-01
1.518729571253061295e-01
1.518255341798067093e-01
1.517994012683629990e-01
1.517766267061233521e-01
8.961863629519939423e-02
8.928749710321426392e-02
8.928416855633258820e-02
8.945165574550628662e-02
8.918954059481620789e-02
8.924066461622714996e-02
8.927752077579498291e-02
8.914379030466079712e-02
8.925681933760643005e-02
8.898153528571128845e-02
8.905504830181598663e-02
8.917563222348690033e-02
8.883785642683506012e-02
8.888971805572509766e-02
8.882269822061061859e-02
8.878545649349689484e-02
8.890883438289165497e-02
8.874704129993915558e-02
8.882463350892066956e-02
8.883380889892578125e-02
1.463624406605958939e-01
1.463282816112041473e-01
1.463086828589439392e-01
1.462827436625957489e-01
1.463276315480470657e-01
1.460298243910074234e-01
1.460135150700807571e-01
1.461358424276113510e-01
1.458898968994617462e-01
1.459223646670579910e-01
1.459359601140022278e-01
1.458009202033281326e-01
1.458745636045932770e-01
1.456236932426691055e-01
1.456698440015316010e-01
1.457548104226589203e-01
1.454429496079683304e-01
1.454665269702672958e-01
1.453933883458375931e-01
1.453420445322990417e-01
8.758466504514217377e-02
8.744655735790729523e-02
8.751397393643856049e-02
8.752406947314739227e-02
8.731557056307792664e-02
8.730735629796981812e-02
8.730952814221382141e-02
8.730008639395236969e-02
8.735305443406105042e-02
8.711164630949497223e-02
8.711700141429901123e-02
8.723984658718109131e-02
8.703869581222534180e-02
8.708873018622398376e-02
8.711784146726131439e-02
8.701498061418533325e-02
8.709252253174781799e-02
8.689263649284839630e-02
8.695094287395477295e-02
8.704272657632827759e-02
1.447562314569950104e-01
1.447724997997283936e-01
1.447082459926605225e-01
1.446597464382648468e-01
1.447301432490348816e-01
1.445910725742578506e-01
1.446301061660051346e-01
1.446192935109138489e-01
1.444105971604585648e-01
1.443882249295711517e-01
1.443723849952220917e-01
1.443412993103265762e-01
1.443659719079732895e-01
1.441332232207059860e-01
1.441196519881486893e-01
1.442081090062856674e-01
1.440072562545537949e-01
1.440347265452146530e-01
1.440410073846578598e-01
1.439279932528734207e-01
8.643908426165580750e-02
8.626185171306133270e-02
8.631493523716926575e-02
8.639669045805931091e-02
8.616344444453716278e-02
8.619406633079051971e-02
8.615623787045478821e-02
8.612974733114242554e-02
8.620916120707988739e-02
8.610293641686439514e-02
8.615484461188316345e-02
8.616389520466327667e-02
8.599093183875083923e-02
8.599079214036464691e-02
8.599524199962615967e-02
8.598285168409347534e-02
8.602098003029823303e-02
8.583056181669235229e-02
8.583704754710197449e-02
8.593372814357280731e-02
1.432504672557115555e-01
1.432753950357437134e-01
1.432787049561738968e-01
1.431736368685960770e-01
1.432117093354463577e-01
1.430329773575067520e-01
1.430606991052627563e-01
1.431144904345273972e-01
1.428823228925466537e-01
1.428886968642473221e-01
1.428354755043983459e-01
1.427908968180418015e-01
1.428413614630699158e-01
1.427250690758228302e-01
1.427519582211971283e-01
1.427404936403036118e-01
1.425609532743692398e-01
1.425417102873325348e-01
1.425265539437532425e-01
1.424932517111301422e-01
8.504390344023704529e-02
8.487015217542648315e-02
8.487709239125251770e-02
8.496448956429958344e-02
8.481225930154323578e-02
8.485488966107368469e-02
8.487579785287380219e-02
8.479711040854454041e-02
8.484819531440734863e-02
8.470361307263374329e-02
8.474742248654365540e-02
8.481454104185104370e-02
8.461900241672992706e-02
8.464185334742069244e-02
8.461250364780426025e-02
8.458908461034297943e-02
8.465270884335041046e-02
8.456401713192462921e-02
8.460666984319686890e-02
8.461493998765945435e-02
1.432560496032238007e-01
1.432375162839889526e-01
1.432215888053178787e-01
1.431869007647037506e-01
1.431949585676193237e-01
1.430150736123323441e-01
1.430010702461004257e-01
1.430596169084310532e-01
1.428975109010934830e-01
1.429171226918697357e-01
1.429152134805917740e-01
1.428209710866212845e-01
1.428459323942661285e-01
1.426918897777795792e-01
1.427114270627498627e-01
1.427522301673889160e-01
1.425494700670242310e-01
1.425489485263824463e-01
1.425013970583677292e-01
1.424583233892917633e-01
8.365134336054325104e-02
8.356924913823604584e-02
8.360836654901504517e-02
8.361606672406196594e-02
8.347611874341964722e-02
8.347893692553043365e-02
8.348377980291843414e-02
8.346940949559211731e-02
8.349485509097576141e-02
8.334713429212570190e-02
8.335360139608383179e-02
8.342693187296390533e-02
8.329421281814575195e-02
8.333262987434864044e-02
8.334963954985141754e-02
8.328047581017017365e-02
8.332179300487041473e-02
8.319834806025028229e-02
8.323528431355953217e-02
8.329222165048122406e-02
1.423318516463041306e-01
1.423284523189067841e-01
1.422827690839767456e-01
1.422404721379280090e-01
1.422719247639179230e-01
1.421742681413888931e-01
1.421889048069715500e-01
1.421748381108045578e-01
1.420219168066978455e-01
1.420035772025585175e-01
1.419869940727949142e-01
1.419509835541248322e-01
1.419524252414703369e-01
1.417932268232107162e-01
1.417781468480825424e-01
1.418247576802968979e-01
1.416784171015024185e-01
1.416937354952096939e-01
1.416879892349243164e-01
1.416012849658727646e-01
8.272321894764900208e-02
8.260720968246459961e-02
8.264163322746753693e-02
8.269497752189636230e-02
8.253439143300056458e-02
8.255034312605857849e-02
8.252760581672191620e-02
8.250706456601619720e-02
8.255588077008724213e-02
8.248355984687805176e-02
8.251665905117988586e-02
8.252339065074920654e-02
8.239804022014141083e-02
8.240132406353950500e-02
8.240544050931930542e-02
8.239037543535232544e-02
8.241065591573715210e-02
8.228080719709396362e-02
8.228676579892635345e-02
8.234956488013267517e-02
1.410756409168243408e-01
1.410888582468032837e-01
1.410816274583339691e-01
1.409983970224857330e-01
1.410113554447889328e-01
1.408811435103416443e-01
1.408921312540769577e-01
1.409204769879579544e-01
1.407474763691425323e-01
1.407403983175754547e-01
1.406980641186237335e-01
1.406568642705678940e-01
1.406808588653802872e-01
1.405911240726709366e-01
1.406006608158349991e-01
1.405859123915433884e-01
1.404453739523887634e-01
1.404269170016050339e-01
1.404098551720380783e-01
1.403732486069202423e-01
8.148789964616298676e-02
8.136494643986225128e-02
8.137041702866554260e-02
8.142972178757190704e-02
8.131667599081993103e-02
8.134969510138034821e-02
8.136239647865295410e-02
8.130297623574733734e-02
8.133477158844470978e-02
8.123110234737396240e-02
8.126119896769523621e-02
8.130790106952190399e-02
8.116342127323150635e-02
8.117598295211791992e-02
8.115598186850547791e-02
8.113650977611541748e-02
8.117860369384288788e-02
8.111373335123062134e-02
8.114224858582019806e-02
8.114808425307273865e-02
1.407881062477827072e-01
1.407694201916456223e-01
1.407513394951820374e-01
1.407144181430339813e-01
1.407094057649374008e-01
1.405712980777025223e-01
1.405545715242624283e-01
1.405886057764291763e-01
1.404590383172035217e-01
1.404691189527511597e-01
1.404591072350740433e-01
1.403805315494537354e-01
1.403882857412099838e-01
1.402680408209562302e-01
1.402747612446546555e-01
1.402972806245088577e-01
1.401374191045761108e-01
1.401273664087057114e-01
1.400867216289043427e-01
1.400460153818130493e-01
8.027854561805725098e-02
8.021624758839607239e-02
8.024296350777149200e-02
8.024866506457328796e-02
8.013888821005821228e-02
8.014173246920108795e-02
8.014511130750179291e-02
8.012950979173183441e-02
8.014474064111709595e-02
8.003336004912853241e-02
8.003794401884078979e-02
8.009057492017745972e-02
7.998698949813842773e-02
8.001736551523208618e-02
8.002789691090583801e-02
7.997313141822814941e-02
8.000044710934162140e-02
7.990629412233829498e-02
7.993285916745662689e-02
7.997457310557365417e-02
1.398936305195093155e-01
1.398820709437131882e-01
1.398422587662935257e-01
1.398016661405563354e-01
1.398170087486505508e-01
1.397355664521455765e-01
1.397389378398656845e-01
1.397224720567464828e-01
1.395949292927980423e-01
1.395759079605340958e-01
1.395571809262037277e-01
1.395197566598653793e-01
1.395118068903684616e-01
1.393832974135875702e-01
1.393658053129911423e-01
1.393939815461635590e-01
1.392722539603710175e-01
1.392795890569686890e-01
1.392677258700132370e-01
1.391929388046264648e-01
7.934229634702205658e-02
7.925162650644779205e-02
7.927692122757434845e-02
7.931671570986509323e-02
7.918908633291721344e-02
7.919848896563053131e-02
7.918125391006469727e-02
7.916270755231380463e-02
7.919810712337493896e-02
7.914054393768310547e-02
7.916414737701416016e-02
7.916930504143238068e-02
7.906728051602840424e-02
7.906973920762538910e-02
7.907251641154289246e-02
7.905677985399961472e-02
7.906953245401382446e-02
7.896700501441955566e-02
7.897100783884525299e-02
7.901846989989280701e-02
1.387370433658361435e-01
1.387433446943759918e-01
1.387305352836847305e-01
1.386575829237699509e-01
1.386599056422710419e-01
1.385510619729757309e-01
1.385531593114137650e-01
1.385694295167922974e-01
1.384246144443750381e-01
1.384114306420087814e-01
1.383729707449674606e-01
1.383330747485160828e-01
1.383449025452136993e-01
1.382672674953937531e-01
1.382681131362915039e-01
1.382512506097555161e-01
1.381303947418928146e-01
1.381111461669206619e-01
1.380920019000768661e-01
1.380544435232877731e-01
7.818457484245300293e-02
7.808535546064376831e-02
7.808935269713401794e-02
7.813493348658084869e-02
7.804130949079990387e-02
7.806850597262382507e-02
7.807681150734424591e-02
7.802716270089149475e-02
7.804992422461509705e-02
7.796564977616071701e-02
7.798856496810913086e-02
7.802485954016447067e-02
7.790594827383756638e-02
7.791363075375556946e-02
7.789766974747180939e-02
7.787970732897520065e-02
7.791167404502630234e-02
7.785752043128013611e-02
7.787883561104536057e-02
7.788360305130481720e-02
1.382538154721260071e-01
1.382342912256717682e-01
1.382145155221223831e-01
1.381768211722373962e-01
1.381657030433416367e-01
1.380481775850057602e-01
1.380298361182212830e-01
1.380512733012437820e-01
1.379386689513921738e-01
1.379431243985891342e-01
1.379288639873266220e-01
1.378584410995244980e-01
1.378581132739782333e-01
1.377545986324548721e-01
1.377543974667787552e-01
1.377673055976629257e-01
1.376298796385526657e-01
1.376150995492935181e-01
1.375776343047618866e-01
1.375379245728254318e-01
7.706933747977018356e-02
7.701704185456037521e-02
7.703720126301050186e-02
7.704176288098096848e-02
7.694814540445804596e-02
7.695049606263637543e-02
7.695249840617179871e-02
7.693684659898281097e-02
7.694713491946458817e-02
7.685433793812990189e-02
7.685765065252780914e-02
7.689959462732076645e-02
7.681149337440729141e-02
7.683697622269392014e-02
7.684392761439085007e-02
7.679705228656530380e-02
7.681765314191579819e-02
7.673852238804101944e-02
7.675920240581035614e-02
7.679269462823867798e-02
1.373515985906124115e-01
1.373360939323902130e-01
1.372989714145660400e-01
1.372594330459833145e-01
1.372666805982589722e-01
1.371936742216348648e-01
1.371908225119113922e-01
1.371729969978332520e-01
1.370599642395973206e-01
1.370400246232748032e-01
1.370198260992765427e-01
1.369821410626173019e-01
1.369695775210857391e-01
1.368575487285852432e-01
1.368384640663862228e-01
1.368568427860736847e-01
1.367487758398056030e-01
1.367515455931425095e-01
1.367362327873706818e-01
1.366681847721338272e-01
7.612816058099269867e-02
7.605102285742759705e-02
7.607100997120141983e-02
7.610344514250755310e-02
7.599423080682754517e-02
7.600035052746534348e-02
7.598566543310880661e-02
7.596850674599409103e-02
7.599663082510232925e-02
7.594715338200330734e-02
7.596543710678815842e-02
7.596948277205228806e-02
7.588061504065990448e-02
7.588275987654924393e-02
7.588426396250724792e-02
7.586860563606023788e-02
7.587758824229240417e-02
7.579010073095560074e-02
7.579288911074399948e-02
7.583183422684669495e-02
1.362596880644559860e-01
1.362618040293455124e-01
1.362459212541580200e-01
1.361791584640741348e-01
1.361758876591920853e-01
1.360790040343999863e-01
1.360760647803544998e-01
1.360853631049394608e-01
1.359571218490600586e-01
1.359407752752304077e-01
1.359044797718524933e-01
1.358654629439115524e-01
1.358705982565879822e-01
1.358001455664634705e-01
1.357957739382982254e-01
1.357778012752532959e-01
1.356688532978296280e-01
1.356488615274429321e-01
1.356283221393823624e-01
1.355907823890447617e-01
7.502786722034215927e-02
7.494226377457380295e-02
7.494501862674951553e-02
7.498295977711677551e-02
7.490082085132598877e-02
7.492443360388278961e-02
7.493008021265268326e-02
7.488626614212989807e-02
7.490449212491512299e-02
7.483130227774381638e-02
7.484963163733482361e-02
7.488003838807344437e-02
7.477618381381034851e-02
7.478133123368024826e-02
7.476754393428564072e-02
7.475058361887931824e-02
7.477685529738664627e-02
7.472951151430606842e-02
7.474622968584299088e-02
7.475006952881813049e-02
1.356443576514720917e-01
1.356242168694734573e-01
1.356032881885766983e-01
1.355656590312719345e-01
1.355514805763959885e-01
1.354461908340454102e-01
1.354265920817852020e-01
1.354410741478204727e-01
1.353388112038373947e-01
1.353397723287343979e-01
1.353228911757469177e-01
1.352579221129417419e-01
1.352534070611000061e-01
1.351595707237720490e-01
1.351551916450262070e-01
1.351626403629779816e-01
1.350390389561653137e-01
1.350217424333095551e-01
1.349860262125730515e-01
1.349473390728235245e-01
7.397958170622587204e-02
7.393327634781599045e-02
7.394942641258239746e-02
7.395325694233179092e-02
7.386989146471023560e-02
7.387173268944025040e-02
7.387284748256206512e-02
7.385734375566244125e-02
7.386492751538753510e-02
7.378336414694786072e-02
7.378581911325454712e-02
7.382155116647481918e-02
7.374287024140357971e-02
7.376539614051580429e-02
7.377031072974205017e-02
7.372828852385282516e-02
7.374518457800149918e-02
7.367511745542287827e-02
7.369221840053796768e-02
7.372088450938463211e-02
1.347522903233766556e-01
1.347347218543291092e-01
1.346991620957851410e-01
1.346606686711311340e-01
1.346629299223423004e-01
1.345953159034252167e-01
1.345889158546924591e-01
1.345704570412635803e-01
1.344667691737413406e-01
1.344462707638740540e-01
1.344250813126564026e-01
1.343876123428344727e-01
1.343726702034473419e-01
1.342706046998500824e-01
1.342508979141712189e-01
1.342635117471218109e-01
1.341641414910554886e-01
1.341641042381525040e-01
1.341466438025236130e-01
1.340832784771919250e-01
7.305134367197751999e-02
7.298236805945634842e-02
7.299893908202648163e-02
7.302705571055412292e-02
7.292967662215232849e-02
7.293391413986682892e-02
7.292084302753210068e-02
7.290448620915412903e-02
7.292842399328947067e-02
7.288381271064281464e-02
7.289884146302938461e-02
7.290258351713418961e-02
7.282233331352472305e-02
7.282398641109466553e-02
7.282471749931573868e-02
7.280937489122152328e-02
7.281633373349905014e-02
7.273809053003787994e-02
7.274022884666919708e-02
7.277405448257923126e-02
1.337132956832647324e-01
1.337127201259136200e-01
1.336949802935123444e-01
1.336323376744985580e-01
1.336262151598930359e-01
1.335368473082780838e-01
1.335307490080595016e-01
1.335359681397676468e-01
1.334184110164642334e-01
1.334004327654838562e-01
1.333654522895812988e-01
1.333271730691194534e-01
1.333285253494977951e-01
1.332628652453422546e-01
1.332551762461662292e-01
1.332367919385433197e-01
1.331357955932617188e-01
1.331153567880392075e-01
1.330940555781126022e-01
1.330567821860313416e-01
7.200051192194223404e-02
7.192361727356910706e-02
7.192574627697467804e-02
7.195896096527576447e-02
7.188432384282350540e-02
7.190561946481466293e-02
7.190965954214334488e-02
7.186970952898263931e-02
7.188526913523674011e-02
7.181896828114986420e-02
7.183454837650060654e-02
7.186121959239244461e-02
7.176735717803239822e-02
7.177108246833086014e-02
7.175850868225097656e-02
7.174256257712841034e-02
7.176524121314287186e-02
7.172218989580869675e-02
7.173614203929901123e-02
7.173979748040437698e-02
1.330500748008489609e-01
1.330293808132410049e-01
1.330077908933162689e-01
1.329705528914928436e-01
1.329547464847564697e-01
1.328573469072580338e-01
1.328371819108724594e-01
1.328473649919033051e-01
1.327520161867141724e-01
1.327508296817541122e-01
1.327325012534856796e-01
1.326712593436241150e-01
1.326642856001853943e-01
1.325768306851387024e-01
1.325700432062149048e-01
1.325742080807685852e-01
1.324596256017684937e-01
1.324411742389202118e-01
1.324066668748855591e-01
1.323687154799699783e-01
7.100694812834262848e-02
7.096464466303586960e-02
7.097817678004503250e-02
7.098176889121532440e-02
7.090535014867782593e-02
7.090690173208713531e-02
7.090722490102052689e-02
7.089220825582742691e-02
7.089847791939973831e-02
7.082417141646146774e-02
7.082616072148084641e-02
7.085780054330825806e-02
7.078563701361417770e-02
7.080621458590030670e-02
7.080964930355548859e-02
7.077116239815950394e-02
7.078599184751510620e-02
7.072168122977018356e-02
7.073643989861011505e-02
7.076206523925065994e-02
1.321746334433555603e-01
1.321557853370904922e-01
1.321215815842151642e-01
1.320837251842021942e-01
1.320832297205924988e-01
1.320194676518440247e-01
1.320105716586112976e-01
1.319919712841510773e-01
1.318950820714235306e-01
1.318741161376237869e-01
1.318523325026035309e-01
1.318152155727148056e-01
1.317991130053997040e-01
1.317040044814348221e-01
1.316837016493082047e-01
1.316927764564752579e-01
1.315994877368211746e-01
1.315977424383163452e-01
1.315790228545665741e-01
1.315189860761165619e-01
7.009921316057443619e-02
7.003591023385524750e-02
7.005029544234275818e-02
7.007557153701782227e-02
6.998597923666238785e-02
6.998924817889928818e-02
6.997724715620279312e-02
6.996164005249738693e-02
6.998297851532697678e-02
6.994176935404539108e-02
6.995465792715549469e-02
6.995823141187429428e-02
6.988418940454721451e-02
6.988543644547462463e-02
6.988556776195764542e-02
6.987067777663469315e-02
6.987649016082286835e-02
6.980460789054632187e-02
6.980637740343809128e-02
6.983679439872503281e-02
1.311825290322303772e-01
1.311804242432117462e-01
1.311615686863660812e-01
1.311021894216537476e-01
1.310942079871892929e-01
1.310098599642515182e-01
1.310018487274646759e-01
1.310046222060918808e-01
1.308946236968040466e-01
1.308755949139595032e-01
1.308417692780494690e-01
1.308043319731950760e-01
1.308031845837831497e-01
1.307408008724451065e-01
1.307311672717332840e-01
1.307126376777887344e-01
1.306176260113716125e-01
1.305968426167964935e-01
1.305751483887434006e-01
1.305382587015628815e-01
6.909419037401676178e-02
6.902313325554132462e-02
6.902493350207805634e-02
6.905508041381835938e-02
6.898566149175167084e-02
6.900538969784975052e-02
6.900829542428255081e-02
6.897144112735986710e-02
6.898538395762443542e-02
6.892378348857164383e-02
6.893754750490188599e-02
6.896199844777584076e-02
6.887501571327447891e-02
6.887794751673936844e-02
6.886620260775089264e-02
6.885104067623615265e-02
6.887146085500717163e-02
6.883140280842781067e-02
6.884360406547784805e-02
6.884689722210168839e-02
1.304922010749578476e-01
1.304715238511562347e-01
1.304494012147188187e-01
1.304126381874084473e-01
1.303961314260959625e-01
1.303041782230138779e-01
1.302839145064353943e-01
1.302912477403879166e-01
1.302010342478752136e-01
1.301984451711177826e-01
1.301792580634355545e-01
1.301207747310400009e-01
1.301126349717378616e-01
1.300296150147914886e-01
1.300211809575557709e-01
1.300232689827680588e-01
1.299152988940477371e-01
1.298962030559778214e-01
1.298626866191625595e-01
1.298254188150167465e-01
6.814889051020145416e-02
6.810922827571630478e-02
6.812109518796205521e-02
6.812466960400342941e-02
6.805348861962556839e-02
6.805464532226324081e-02
6.805462390184402466e-02
6.803989037871360779e-02
6.804528925567865372e-02
6.797614600509405136e-02
6.797786522656679153e-02
6.800703145563602448e-02
6.793945375829935074e-02
6.795865483582019806e-02
6.796120665967464447e-02
6.792528647929430008e-02
6.793884839862585068e-02
6.787877436727285385e-02
6.789187248796224594e-02
6.791545357555150986e-02
1.296462044119834900e-01
1.296268031001091003e-01
1.295935194939374924e-01
1.295563243329524994e-01
1.295541934669017792e-01
1.294930074363946915e-01
1.294827777892351151e-01
1.294642537832260132e-01
1.293719056993722916e-01
1.293511949479579926e-01
1.293291524052619934e-01
1.292924787849187851e-01
1.292758379131555557e-01
1.291856113821268082e-01
1.291652228683233261e-01
1.291720233857631683e-01
1.290832217782735825e-01
1.290801912546157837e-01
1.290608979761600494e-01
1.290033869445323944e-01
6.727107334882020950e-02
6.721143517643213272e-02
6.722447834908962250e-02
6.724788527935743332e-02
6.716411374509334564e-02
6.716664880514144897e-02
6.715544871985912323e-02
6.714045722037553787e-02
6.716019939631223679e-02
6.712133530527353287e-02
6.713272538036108017e-02
6.713635567575693130e-02
6.706695165485143661e-02
6.706794723868370056e-02
6.706770323216915131e-02
6.705310847610235214e-02
6.705836206674575806e-02
6.699102651327848434e-02
6.699258927255868912e-02
6.702077575027942657e-02
0.000000000000000000e+00
0.000000000000000000e+00
0.000000000000000000e+00
0.000000000000000000e+00
0.000000000000000000e+00
0.000000000000000000e+00
0.000000000000000000e+00
0.000000000000000000e+00
0.000000000000000000e+00
0.000000000000000000e+00
0.000000000000000000e+00
0.000000000000000000e+00
0.000000000000000000e+00
0.000000000000000000e+00
0.000000000000000000e+00
0.000000000000000000e+00
0.000000000000000000e+00
0.000000000000000000e+00
0.000000000000000000e+00
0.000000000000000000e+00
0.000000000000000000e+00
0.000000000000000000e+00
0.000000000000000000e+00
0.000000000000000000e+00
0.000000000000000000e+00
0.000000000000000000e+00
0.000000000000000000e+00
0.000000000000000000e+00
0.000000000000000000e+00
0.000000000000000000e+00
0.000000000000000000e+00
0.000000000000000000e+00
0.000000000000000000e+00
0.000000000000000000e+00
0.000000000000000000e+00
0.000000000000000000e+00
0.000000000000000000e+00
0.000000000000000000e+00
0.000000000000000000e+00
0.000000000000000000e+00
0.000000000000000000e+00
0.000000000000000000e+00
0.000000000000000000e+00
0.000000000000000000e+00
0.000000000000000000e+00
0.000000000000000000e+00
0.000000000000000000e+00
0.000000000000000000e+00
0.000000000000000000e+00
0.000000000000000000e+00
0.000000000000000000e+00
0.000000000000000000e+00
0.000000000000000000e+00
0.000000000000000000e+00
0.000000000000000000e+00
0.000000000000000000e+00
0.000000000000000000e+00
0.000000000000000000e+00
0.000000000000000000e+00
0.000000000000000000e+00
0.000000000000000000e+00
0.000000000000000000e+00
0.000000000000000000e+00
0.000000000000000000e+00
0.000000000000000000e+00
0.000000000000000000e+00
0.000000000000000000e+00
0.000000000000000000e+00
0.000000000000000000e+00
0.000000000000000000e+00
0.000000000000000000e+00
0.000000000000000000e+00
0.000000000000000000e+00
0.000000000000000000e+00
0.000000000000000000e+00
0.000000000000000000e+00
0.000000000000000000e+00
0.000000000000000000e+00
0.000000000000000000e+00
0.000000000000000000e+00
0.000000000000000000e+00
0.000000000000000000e+00
0.000000000000000000e+00
0.000000000000000000e+00
0.000000000000000000e+00
0.000000000000000000e+00
0.000000000000000000e+00
0.000000000000000000e+00
0.000000000000000000e+00
0.000000000000000000e+00
0.000000000000000000e+00
0.000000000000000000e+00
0.000000000000000000e+00
0.000000000000000000e+00
0.000000000000000000e+00
0.000000000000000000e+00
0.000000000000000000e+00
0.000000000000000000e+00
0.000000000000000000e+00
0.000000000000000000e+00
0.000000000000000000e+00
0.000000000000000000e+00
0.000000000000000000e+00
0.000000000000000000e+00
0.000000000000000000e+00
0.000000000000000000e+00
0.000000000000000000e+00
0.000000000000000000e+00
0.000000000000000000e+00
0.000000000000000000e+00
0.000000000000000000e+00
0.000000000000000000e+00
0.000000000000000000e+00
0.000000000000000000e+00
0.000000000000000000e+00
0.000000000000000000e+00
0.000000000000000000e+00
0.000000000000000000e+00
0.000000000000000000e+00
0.000000000000000000e+00
0.000000000000000000e+00
0.000000000000000000e+00
0.000000000000000000e+00
0.000000000000000000e+00
0.000000000000000000e+00
0.000000000000000000e+00
0.000000000000000000e+00
0.000000000000000000e+00
0.000000000000000000e+00
0.000000000000000000e+00
0.000000000000000000e+00
0.000000000000000000e+00
0.000000000000000000e+00
0.000000000000000000e+00
0.000000000000000000e+00
0.000000000000000000e+00
0.000000000000000000e+00
0.000000000000000000e+00
0.000000000000000000e+00
0.000000000000000000e+00
0.000000000000000000e+00
0.000000000000000000e+00
0.000000000000000000e+00
0.000000000000000000e+00
0.000000000000000000e+00
0.000000000000000000e+00
0.000000000000000000e+00
0.000000000000000000e+00
0.000000000000000000e+00
0.000000000000000000e+00
0.000000000000000000e+00
0.000000000000000000e+00
0.000000000000000000e+00
0.000000000000000000e+00
0.000000000000000000e+00
0.000000000000000000e+00
0.000000000000000000e+00
0.000000000000000000e+00
0.000000000000000000e+00
0.000000000000000000e+00
0.000000000000000000e+00
0.000000000000000000e+00
0.000000000000000000e+00
0.000000000000000000e+00
0.000000000000000000e+00
0.000000000000000000e+00
0.000000000000000000e+00
0.000000000000000000e+00
0.000000000000000000e+00
0.000000000000000000e+00
0.000000000000000000e+00
0.000000000000000000e+00
0.000000000000000000e+00
0.000000000000000000e+00
0.000000000000000000e+00
0.000000000000000000e+00
0.000000000000000000e+00
0.000000000000000000e+00
0.000000000000000000e+00
0.000000000000000000e+00
0.000000000000000000e+00
0.000000000000000000e+00
0.000000000000000000e+00
0.000000000000000000e+00
0.000000000000000000e+00
0.000000000000000000e+00
0.000000000000000000e+00
0.000000000000000000e+00
0.000000000000000000e+00
0.000000000000000000e+00
0.000000000000000000e+00
0.000000000000000000e+00
0.000000000000000000e+00
0.000000000000000000e+00
0.000000000000000000e+00
0.000000000000000000e+00
0.000000000000000000e+00
0.000000000000000000e+00
0.000000000000000000e+00
0.000000000000000000e+00
0.000000000000000000e+00
0.000000000000000000e+00
0.000000000000000000e+00
0.000000000000000000e+00
0.000000000000000000e+00
0.000000000000000000e+00
0.000000000000000000e+00
0.000000000000000000e+00
0.000000000000000000e+00
0.000000000000000000e+00
0.000000000000000000e+00
0.000000000000000000e+00
0.000000000000000000e+00
0.000000000000000000e+00
0.000000000000000000e+00
0.000000000000000000e+00
0.000000000000000000e+00
0.000000000000000000e+00
0.000000000000000000e+00
0.000000000000000000e+00
0.000000000000000000e+00
0.000000000000000000e+00
0.000000000000000000e+00
0.000000000000000000e+00
0.000000000000000000e+00
0.000000000000000000e+00
0.000000000000000000e+00
0.000000000000000000e+00
0.000000000000000000e+00
0.000000000000000000e+00
0.000000000000000000e+00
0.000000000000000000e+00
0.000000000000000000e+00
0.000000000000000000e+00
0.000000000000000000e+00
0.000000000000000000e+00
0.000000000000000000e+00
0.000000000000000000e+00
0.000000000000000000e+00
0.000000000000000000e+00
0.000000000000000000e+00
0.000000000000000000e+00
0.000000000000000000e+00
0.000000000000000000e+00
0.000000000000000000e+00
0.000000000000000000e+00
0.000000000000000000e+00
0.000000000000000000e+00
0.000000000000000000e+00
0.000000000000000000e+00
0.000000000000000000e+00
0.000000000000000000e+00
0.000000000000000000e+00
0.000000000000000000e+00
0.000000000000000000e+00
0.000000000000000000e+00
0.000000000000000000e+00
0.000000000000000000e+00
0.000000000000000000e+00
0.000000000000000000e+00
0.000000000000000000e+00
0.000000000000000000e+00
0.000000000000000000e+00
0.000000000000000000e+00
0.000000000000000000e+00
0.000000000000000000e+00
0.000000000000000000e+00
0.000000000000000000e+00
0.000000000000000000e+00
0.000000000000000000e+00
0.000000000000000000e+00
0.000000000000000000e+00
0.000000000000000000e+00
0.000000000000000000e+00
0.000000000000000000e+00
0.000000000000000000e+00
0.000000000000000000e+00
0.000000000000000000e+00
0.000000000000000000e+00
0.000000000000000000e+00
0.000000000000000000e+00
0.000000000000000000e+00
0.000000000000000000e+00
0.000000000000000000e+00
0.000000000000000000e+00
0.000000000000000000e+00
0.000000000000000000e+00
0.000000000000000000e+00
0.000000000000000000e+00
0.000000000000000000e+00
0.000000000000000000e+00
0.000000000000000000e+00
0.000000000000000000e+00
0.000000000000000000e+00
0.000000000000000000e+00
0.000000000000000000e+00
0.000000000000000000e+00
0.000000000000000000e+00
0.000000000000000000e+00
0.000000000000000000e+00
0.000000000000000000e+00
0.000000000000000000e+00
0.000000000000000000e+00
0.000000000000000000e+00
0.000000000000000000e+00
0.000000000000000000e+00
0.000000000000000000e+00
0.000000000000000000e+00
0.000000000000000000e+00
0.000000000000000000e+00
0.000000000000000000e+00
0.000000000000000000e+00
0.000000000000000000e+00
0.000000000000000000e+00
0.000000000000000000e+00
0.000000000000000000e+00
0.000000000000000000e+00
0.000000000000000000e+00
0.000000000000000000e+00
0.000000000000000000e+00
0.000000000000000000e+00
0.000000000000000000e+00
0.000000000000000000e+00
0.000000000000000000e+00
0.000000000000000000e+00
0.000000000000000000e+00
0.000000000000000000e+00
0.000000000000000000e+00
0.000000000000000000e+00
0.000000000000000000e+00
0.000000000000000000e+00
0.000000000000000000e+00
0.000000000000000000e+00
0.000000000000000000e+00
0.000000000000000000e+00
0.000000000000000000e+00
0.000000000000000000e+00
0.000000000000000000e+00
0.000000000000000000e+00
0.000000000000000000e+00
0.000000000000000000e+00
0.000000000000000000e+00
0.000000000000000000e+00
0.000000000000000000e+00
0.000000000000000000e+00
0.000000000000000000e+00
0.000000000000000000e+00
0.000000000000000000e+00
0.000000000000000000e+00
0.000000000000000000e+00
0.000000000000000000e+00
0.000000000000000000e+00
0.000000000000000000e+00
0.000000000000000000e+00
0.000000000000000000e+00
0.000000000000000000e+00
0.000000000000000000e+00
0.000000000000000000e+00
0.000000000000000000e+00
0.000000000000000000e+00
0.000000000000000000e+00
0.000000000000000000e+00
0.000000000000000000e+00
0.000000000000000000e+00
0.000000000000000000e+00
0.000000000000000000e+00
0.000000000000000000e+00
0.000000000000000000e+00
0.000000000000000000e+00
0.000000000000000000e+00
0.000000000000000000e+00
0.000000000000000000e+00
0.000000000000000000e+00
0.000000000000000000e+00
0.000000000000000000e+00
0.000000000000000000e+00
0.000000000000000000e+00
0.000000000000000000e+00
0.000000000000000000e+00
0.000000000000000000e+00
0.000000000000000000e+00
0.000000000000000000e+00
0.000000000000000000e+00
0.000000000000000000e+00
0.000000000000000000e+00
0.000000000000000000e+00
0.000000000000000000e+00
0.000000000000000000e+00
0.000000000000000000e+00
0.000000000000000000e+00
0.000000000000000000e+00
0.000000000000000000e+00
0.000000000000000000e+00
0.000000000000000000e+00
0.000000000000000000e+00
0.000000000000000000e+00
0.000000000000000000e+00
0.000000000000000000e+00
0.000000000000000000e+00
0.000000000000000000e+00
0.000000000000000000e+00
0.000000000000000000e+00
0.000000000000000000e+00
0.000000000000000000e+00
0.000000000000000000e+00
0.000000000000000000e+00
0.000000000000000000e+00
0.000000000000000000e+00
0.000000000000000000e+00
0.000000000000000000e+00
0.000000000000000000e+00
0.000000000000000000e+00
0.000000000000000000e+00
0.000000000000000000e+00
0.000000000000000000e+00
0.000000000000000000e+00
0.000000000000000000e+00
0.000000000000000000e+00
0.000000000000000000e+00
0.000000000000000000e+00
0.000000000000000000e+00
0.000000000000000000e+00
0.000000000000000000e+00
0.000000000000000000e+00
0.000000000000000000e+00
0.000000000000000000e+00
0.000000000000000000e+00
0.000000000000000000e+00
0.000000000000000000e+00
0.000000000000000000e+00
0.000000000000000000e+00
0.000000000000000000e+00
0.000000000000000000e+00
0.000000000000000000e+00
0.000000000000000000e+00
0.000000000000000000e+00
0.000000000000000000e+00
0.000000000000000000e+00
0.000000000000000000e+00
0.000000000000000000e+00
0.000000000000000000e+00
0.000000000000000000e+00
0.000000000000000000e+00
0.000000000000000000e+00
0.000000000000000000e+00
0.000000000000000000e+00
0.000000000000000000e+00
0.000000000000000000e+00
0.000000000000000000e+00
0.000000000000000000e+00
0.000000000000000000e+00
0.000000000000000000e+00
0.000000000000000000e+00
0.000000000000000000e+00
0.000000000000000000e+00
0.000000000000000000e+00
0.000000000000000000e+00
0.000000000000000000e+00
0.000000000000000000e+00
0.000000000000000000e+00
0.000000000000000000e+00
0.000000000000000000e+00
0.000000000000000000e+00
0.000000000000000000e+00
0.000000000000000000e+00
0.000000000000000000e+00
0.000000000000000000e+00
0.000000000000000000e+00
0.000000000000000000e+00
0.000000000000000000e+00
0.000000000000000000e+00
0.000000000000000000e+00
0.000000000000000000e+00
0.000000000000000000e+00
0.000000000000000000e+00
0.000000000000000000e+00
0.000000000000000000e+00
0.000000000000000000e+00
0.000000000000000000e+00
0.000000000000000000e+00
0.000000000000000000e+00
0.000000000000000000e+00
0.000000000000000000e+00
0.000000000000000000e+00
0.000000000000000000e+00
0.000000000000000000e+00
0.000000000000000000e+00
0.000000000000000000e+00
0.000000000000000000e+00
0.000000000000000000e+00
0.000000000000000000e+00
0.000000000000000000e+00
0.000000000000000000e+00
0.000000000000000000e+00
0.000000000000000000e+00
0.000000000000000000e+00
0.000000000000000000e+00
0.000000000000000000e+00
0.000000000000000000e+00
0.000000000000000000e+00
0.000000000000000000e+00
0.000000000000000000e+00
0.000000000000000000e+00
0.000000000000000000e+00
0.000000000000000000e+00
0.000000000000000000e+00
0.000000000000000000e+00
0.000000000000000000e+00
0.000000000000000000e+00
0.000000000000000000e+00
0.000000000000000000e+00
0.000000000000000000e+00
0.000000000000000000e+00
0.000000000000000000e+00
0.000000000000000000e+00
0.000000000000000000e+00
0.000000000000000000e+00
0.000000000000000000e+00
0.000000000000000000e+00
0.000000000000000000e+00
0.000000000000000000e+00
0.000000000000000000e+00
0.000000000000000000e+00
0.000000000000000000e+00
0.000000000000000000e+00
0.000000000000000000e+00
0.000000000000000000e+00
0.000000000000000000e+00
0.000000000000000000e+00
0.000000000000000000e+00
0.000000000000000000e+00
0.000000000000000000e+00
0.000000000000000000e+00
0.000000000000000000e+00
0.000000000000000000e+00
0.000000000000000000e+00
0.000000000000000000e+00
0.000000000000000000e+00
0.000000000000000000e+00
0.000000000000000000e+00
0.000000000000000000e+00
0.000000000000000000e+00
0.000000000000000000e+00
0.000000000000000000e+00
0.000000000000000000e+00
0.000000000000000000e+00
0.000000000000000000e+00
0.000000000000000000e+00
0.000000000000000000e+00
0.000000000000000000e+00
0.000000000000000000e+00
0.000000000000000000e+00
0.000000000000000000e+00
0.000000000000000000e+00
0.000000000000000000e+00
0.000000000000000000e+00
0.000000000000000000e+00
0.000000000000000000e+00
0.000000000000000000e+00
0.000000000000000000e+00
0.000000000000000000e+00
0.000000000000000000e+00
0.000000000000000000e+00
0.000000000000000000e+00
0.000000000000000000e+00
0.000000000000000000e+00
0.000000000000000000e+00
0.000000000000000000e+00
0.000000000000000000e+00
0.000000000000000000e+00
0.000000000000000000e+00
0.000000000000000000e+00
0.000000000000000000e+00
0.000000000000000000e+00
0.000000000000000000e+00
0.000000000000000000e+00
0.000000000000000000e+00
0.000000000000000000e+00
0.000000000000000000e+00
0.000000000000000000e+00
0.000000000000000000e+00
0.000000000000000000e+00
0.000000000000000000e+00
0.000000000000000000e+00
0.000000000000000000e+00
0.000000000000000000e+00
0.000000000000000000e+00
0.000000000000000000e+00
0.000000000000000000e+00
0.000000000000000000e+00
0.000000000000000000e+00
0.000000000000000000e+00
0.000000000000000000e+00
0.000000000000000000e+00
0.000000000000000000e+00
0.000000000000000000e+00
0.000000000000000000e+00
0.000000000000000000e+00
0.000000000000000000e+00
0.000000000000000000e+00
0.000000000000000000e+00
0.000000000000000000e+00
0.000000000000000000e+00
0.000000000000000000e+00
0.000000000000000000e+00
0.000000000000000000e+00
0.000000000000000000e+00
0.000000000000000000e+00
0.000000000000000000e+00
0.000000000000000000e+00
0.000000000000000000e+00
0.000000000000000000e+00
0.000000000000000000e+00
0.000000000000000000e+00
0.000000000000000000e+00
0.000000000000000000e+00
0.000000000000000000e+00
0.000000000000000000e+00
0.000000000000000000e+00
0.000000000000000000e+00
0.000000000000000000e+00
0.000000000000000000e+00
0.000000000000000000e+00
0.000000000000000000e+00
0.000000000000000000e+00
0.000000000000000000e+00
0.000000000000000000e+00
0.000000000000000000e+00
0.000000000000000000e+00
0.000000000000000000e+00
0.000000000000000000e+00
0.000000000000000000e+00
0.000000000000000000e+00
0.000000000000000000e+00
0.000000000000000000e+00
0.000000000000000000e+00
0.000000000000000000e+00
0.000000000000000000e+00
0.000000000000000000e+00
0.000000000000000000e+00
0.000000000000000000e+00
0.000000000000000000e+00
0.000000000000000000e+00
0.000000000000000000e+00
0.000000000000000000e+00
0.000000000000000000e+00
0.000000000000000000e+00
0.000000000000000000e+00
0.000000000000000000e+00
0.000000000000000000e+00
0.000000000000000000e+00
0.000000000000000000e+00
0.000000000000000000e+00
0.000000000000000000e+00
0.000000000000000000e+00
0.000000000000000000e+00
0.000000000000000000e+00
0.000000000000000000e+00
0.000000000000000000e+00
0.000000000000000000e+00
0.000000000000000000e+00
0.000000000000000000e+00
0.000000000000000000e+00
0.000000000000000000e+00
0.000000000000000000e+00
0.000000000000000000e+00
0.000000000000000000e+00
0.000000000000000000e+00
0.000000000000000000e+00
0.000000000000000000e+00
0.000000000000000000e+00
0.000000000000000000e+00
0.000000000000000000e+00
0.000000000000000000e+00
0.000000000000000000e+00
0.000000000000000000e+00
0.000000000000000000e+00
0.000000000000000000e+00
0.000000000000000000e+00
0.000000000000000000e+00
0.000000000000000000e+00
0.000000000000000000e+00
0.000000000000000000e+00
0.000000000000000000e+00
0.000000000000000000e+00
0.000000000000000000e+00
0.000000000000000000e+00
0.000000000000000000e+00
0.000000000000000000e+00
0.000000000000000000e+00
0.000000000000000000e+00
0.000000000000000000e+00
0.000000000000000000e+00
0.000000000000000000e+00
0.000000000000000000e+00
0.000000000000000000e+00
0.000000000000000000e+00
0.000000000000000000e+00
0.000000000000000000e+00
0.000000000000000000e+00
0.000000000000000000e+00
0.000000000000000000e+00
0.000000000000000000e+00
0.000000000000000000e+00
0.000000000000000000e+00
0.000000000000000000e+00
0.000000000000000000e+00
0.000000000000000000e+00
0.000000000000000000e+00
0.000000000000000000e+00
0.000000000000000000e+00
0.000000000000000000e+00
0.000000000000000000e+00
0.000000000000000000e+00
0.000000000000000000e+00
0.000000000000000000e+00
0.000000000000000000e+00
0.000000000000000000e+00
0.000000000000000000e+00
0.000000000000000000e+00
0.000000000000000000e+00
0.000000000000000000e+00
0.000000000000000000e+00
0.000000000000000000e+00
0.000000000000000000e+00
0.000000000000000000e+00
0.000000000000000000e+00
0.000000000000000000e+00
0.000000000000000000e+00
0.000000000000000000e+00
0.000000000000000000e+00
0.000000000000000000e+00
0.000000000000000000e+00
0.000000000000000000e+00
0.000000000000000000e+00
0.000000000000000000e+00
0.000000000000000000e+00
0.000000000000000000e+00
0.000000000000000000e+00
0.000000000000000000e+00
0.000000000000000000e+00
0.000000000000000000e+00
0.000000000000000000e+00
0.000000000000000000e+00
0.000000000000000000e+00
0.000000000000000000e+00
0.000000000000000000e+00
0.000000000000000000e+00
0.000000000000000000e+00
0.000000000000000000e+00
0.000000000000000000e+00
0.000000000000000000e+00
0.000000000000000000e+00
0.000000000000000000e+00
0.000000000000000000e+00
0.000000000000000000e+00
0.000000000000000000e+00
0.000000000000000000e+00
0.000000000000000000e+00
0.000000000000000000e+00
0.000000000000000000e+00
0.000000000000000000e+00
0.000000000000000000e+00
0.000000000000000000e+00
0.000000000000000000e+00
0.000000000000000000e+00
0.000000000000000000e+00
0.000000000000000000e+00
0.000000000000000000e+00
0.000000000000000000e+00
0.000000000000000000e+00
0.000000000000000000e+00
0.000000000000000000e+00
0.000000000000000000e+00
0.000000000000000000e+00
0.000000000000000000e+00
0.000000000000000000e+00
0.000000000000000000e+00
0.000000000000000000e+00
0.000000000000000000e+00
0.000000000000000000e+00
0.000000000000000000e+00
0.000000000000000000e+00
0.000000000000000000e+00
0.000000000000000000e+00
0.000000000000000000e+00
0.000000000000000000e+00
0.000000000000000000e+00
0.000000000000000000e+00
0.000000000000000000e+00
0.000000000000000000e+00
0.000000000000000000e+00
0.000000000000000000e+00
0.000000000000000000e+00
0.000000000000000000e+00
0.000000000000000000e+00
0.000000000000000000e+00
0.000000000000000000e+00
0.000000000000000000e+00
0.000000000000000000e+00
0.000000000000000000e+00
0.000000000000000000e+00
0.000000000000000000e+00
0.000000000000000000e+00
0.000000000000000000e+00
0.000000000000000000e+00
0.000000000000000000e+00
0.000000000000000000e+00
0.000000000000000000e+00
0.000000000000000000e+00
0.000000000000000000e+00
0.000000000000000000e+00
0.000000000000000000e+00
0.000000000000000000e+00
0.000000000000000000e+00
0.000000000000000000e+00
0.000000000000000000e+00
0.000000000000000000e+00
0.000000000000000000e+00
0.000000000000000000e+00
0.000000000000000000e+00
0.000000000000000000e+00
0.000000000000000000e+00
0.000000000000000000e+00
0.000000000000000000e+00
0.000000000000000000e+00
0.000000000000000000e+00
0.000000000000000000e+00
0.000000000000000000e+00
0.000000000000000000e+00
0.000000000000000000e+00
0.000000000000000000e+00
0.000000000000000000e+00
0.000000000000000000e+00
0.000000000000000000e+00
0.000000000000000000e+00
0.000000000000000000e+00
0.000000000000000000e+00
0.000000000000000000e+00
0.000000000000000000e+00
0.000000000000000000e+00
0.000000000000000000e+00
0.000000000000000000e+00
0.000000000000000000e+00
0.000000000000000000e+00
0.000000000000000000e+00
0.000000000000000000e+00
0.000000000000000000e+00
0.000000000000000000e+00
0.000000000000000000e+00
0.000000000000000000e+00
0.000000000000000000e+00
0.000000000000000000e+00
0.000000000000000000e+00
0.000000000000000000e+00
0.000000000000000000e+00
0.000000000000000000e+00
0.000000000000000000e+00
0.000000000000000000e+00
0.000000000000000000e+00
0.000000000000000000e+00
0.000000000000000000e+00
0.000000000000000000e+00
0.000000000000000000e+00
0.000000000000000000e+00
0.000000000000000000e+00
0.000000000000000000e+00
0.000000000000000000e+00
0.000000000000000000e+00
0.000000000000000000e+00
0.000000000000000000e+00
0.000000000000000000e+00
0.000000000000000000e+00
0.000000000000000000e+00
0.000000000000000000e+00
0.000000000000000000e+00
0.000000000000000000e+00
0.000000000000000000e+00
0.000000000000000000e+00
0.000000000000000000e+00
0.000000000000000000e+00
0.000000000000000000e+00
0.000000000000000000e+00
0.000000000000000000e+00
0.000000000000000000e+00
0.000000000000000000e+00
0.000000000000000000e+00
0.000000000000000000e+00
0.000000000000000000e+00
0.000000000000000000e+00
0.000000000000000000e+00
0.000000000000000000e+00
0.000000000000000000e+00
0.000000000000000000e+00
0.000000000000000000e+00
0.000000000000000000e+00
0.000000000000000000e+00
0.000000000000000000e+00
0.000000000000000000e+00
0.000000000000000000e+00
0.000000000000000000e+00
0.000000000000000000e+00
0.000000000000000000e+00
0.000000000000000000e+00
0.000000000000000000e+00
0.000000000000000000e+00
0.000000000000000000e+00
0.000000000000000000e+00
0.000000000000000000e+00
0.000000000000000000e+00
0.000000000000000000e+00
0.000000000000000000e+00
0.000000000000000000e+00
0.000000000000000000e+00
0.000000000000000000e+00
0.000000000000000000e+00
0.000000000000000000e+00
0.000000000000000000e+00
0.000000000000000000e+00
0.000000000000000000e+00
0.000000000000000000e+00
0.000000000000000000e+00
0.000000000000000000e+00
0.000000000000000000e+00
0.000000000000000000e+00
0.000000000000000000e+00
0.000000000000000000e+00
0.000000000000000000e+00
0.000000000000000000e+00
0.000000000000000000e+00
0.000000000000000000e+00
0.000000000000000000e+00
0.000000000000000000e+00
0.000000000000000000e+00
0.000000000000000000e+00
0.000000000000000000e+00
0.000000000000000000e+00
0.000000000000000000e+00
0.000000000000000000e+00
0.000000000000000000e+00
0.000000000000000000e+00
0.000000000000000000e+00
0.000000000000000000e+00
0.000000000000000000e+00
0.000000000000000000e+00
0.000000000000000000e+00
0.000000000000000000e+00
0.000000000000000000e+00
0.000000000000000000e+00
0.000000000000000000e+00
0.000000000000000000e+00
0.000000000000000000e+00
0.000000000000000000e+00
0.000000000000000000e+00
0.000000000000000000e+00
0.000000000000000000e+00
0.000000000000000000e+00
0.000000000000000000e+00
0.000000000000000000e+00
0.000000000000000000e+00
0.000000000000000000e+00
0.000000000000000000e+00
0.000000000000000000e+00
0.000000000000000000e+00
0.000000000000000000e+00
0.000000000000000000e+00
0.000000000000000000e+00
0.000000000000000000e+00
0.000000000000000000e+00
0.000000000000000000e+00
0.000000000000000000e+00
0.000000000000000000e+00
0.000000000000000000e+00
0.000000000000000000e+00
0.000000000000000000e+00
0.000000000000000000e+00
0.000000000000000000e+00
0.000000000000000000e+00
0.000000000000000000e+00
0.000000000000000000e+00
0.000000000000000000e+00
0.000000000000000000e+00
0.000000000000000000e+00
0.000000000000000000e+00
0.000000000000000000e+00
0.000000000000000000e+00
0.000000000000000000e+00
0.000000000000000000e+00
0.000000000000000000e+00
0.000000000000000000e+00
0.000000000000000000e+00
0.000000000000000000e+00
0.000000000000000000e+00
0.000000000000000000e+00
0.000000000000000000e+00
0.000000000000000000e+00
0.000000000000000000e+00
0.000000000000000000e+00
0.000000000000000000e+00
0.000000000000000000e+00
